"ID"	"wt_birth"	"car_wt"	"num_ribs"	"car_bf10"	"car_lma"	"sex"	"perc_duroc"	"sire"	"dam"	"litter"	"slgdt_cd"
"1"	1001	1.91	97.51	NA	33.02	43.23	"M"	0.512384675456512	328	459	1	3
"2"	1002	1.91	78	NA	21.59	43.87	"F"	0.594028248806347	328	459	1	1
"3"	1003	2.18	99.77	NA	27.94	44.84	"M"	0.480192941849125	328	459	1	1
"4"	1004	2	86.62	NA	15.24	41.94	"F"	0.426822611075049	328	459	1	1
"5"	1006	1.5	60.77	NA	22.86	30.32	"F"	0.505263656429368	326	467	2	3
"6"	1007	1.91	83.45	NA	21.59	45.16	"M"	0.460940040762005	328	459	1	1
"7"	1011	1.59	85.26	NA	21.59	41.94	"M"	0.441661565959199	328	459	1	1
"8"	1012	1.68	63.95	NA	11.43	32.58	"F"	0.509922585161719	326	467	2	3
"9"	1013	1.68	79.37	NA	21.59	38.71	"M"	0.506975319320577	328	459	1	1
"10"	1015	1.72	93.88	NA	26.67	44.19	"M"	0.505449653209454	326	467	2	3
"11"	1018	1.91	80.73	NA	13.97	41.29	"F"	0.367879244623468	328	491	3	1
"12"	1019	2.04	69.84	NA	17.78	34.84	"M"	0.51338580146362	326	467	2	3
"13"	1020	1.63	90.7	NA	27.94	45.16	"F"	0.517976800071235	328	491	3	3
"14"	1021	1.68	83.9	NA	20.32	40	"M"	0.485213184279596	328	491	3	3
"15"	1022	2.04	92.06	NA	25.4	39.35	"F"	0.551766963939123	328	491	3	3
"16"	1023	1.77	94.33	NA	33.02	38.39	"M"	0.64006375262021	328	491	3	3
"17"	1024	1.77	77.1	NA	22.86	41.29	"F"	0.490075016351715	331	495	4	1
"18"	1025	1.68	79.37	NA	27.94	40	"M"	0.464487582472769	331	495	4	3
"19"	1026	1.5	92.06	NA	30.48	41.94	"F"	0.517053079415424	331	495	4	3
"20"	1027	1.45	80.27	NA	22.86	41.61	"M"	0.473841730641105	331	495	4	1
"21"	1028	1.04	75.74	NA	17.78	39.35	"F"	0.472231737266934	331	495	4	3
"22"	1029	1.91	79.82	NA	25.4	40.97	"M"	0.53471372497058	331	495	4	1
"23"	1030	1.13	93.42	NA	24.13	56.45	"F"	0.4875535643238	326	323	5	3
"24"	1032	1.63	98.41	NA	27.94	51.61	"F"	0.458553720404389	326	323	5	3
"25"	1033	1.59	80.27	NA	25.4	36.13	"M"	0.49220142309237	331	495	4	1
"26"	1034	1.09	85.49	NA	20.32	50.32	"F"	0.505132683747422	326	323	5	2
"27"	1035	1.54	83.9	NA	25.4	43.87	"M"	0.444469200218618	331	495	4	1
"28"	1036	0.95	71.66	NA	20.32	37.74	"F"	0.547113276673589	326	323	5	2
"29"	1037	1.54	77.1	NA	22.86	38.39	"M"	0.492410715062995	331	495	4	1
"30"	1038	1.59	87.53	NA	20.32	41.94	"F"	0.536088170561904	335	314	6	3
"31"	1039	0.95	78.91	NA	25.4	39.68	"M"	NA	331	495	4	3
"32"	1040	1.36	84.35	NA	27.94	43.23	"F"	0.551835866380933	335	314	6	1
"33"	1041	2	80.27	NA	25.4	43.23	"M"	0.472132777045696	326	323	5	2
"34"	1042	1.45	79.82	NA	22.86	42.58	"F"	0.537467680915641	335	314	6	1
"35"	1043	1.86	94.78	NA	38.1	40.32	"M"	0.467148315278571	326	323	5	1
"36"	1044	1.63	81.18	NA	29.21	40.32	"F"	0.759682736137417	328	313	7	3
"37"	1045	1.5	83.45	NA	25.4	43.87	"M"	0.426343682930127	326	323	5	1
"38"	1046	1.54	93.88	NA	22.86	43.55	"F"	0.517960252805559	331	481	8	3
"39"	1047	1.63	89.34	NA	34.29	37.74	"M"	0.46559450252907	326	323	5	1
"40"	1048	1.22	76.64	NA	17.78	46.13	"F"	0.502919770757059	331	481	8	3
"41"	1049	1.41	81.86	NA	21.59	43.87	"M"	0.456588686830039	326	323	5	2
"42"	1050	1.5	91.61	NA	25.4	42.58	"F"	0.509365100909747	331	490	9	3
"43"	1051	1.54	81.18	NA	35.56	37.74	"M"	0.572966452425348	326	323	5	1
"44"	1052	1.95	76.64	NA	17.78	37.42	"F"	0.498915861696007	331	490	9	1
"45"	1053	1.18	79.37	NA	27.94	41.29	"M"	0.456246232783997	326	323	5	1
"46"	1054	1.54	78	NA	22.86	38.06	"F"	0.536701777201211	331	490	9	1
"47"	1055	1.77	79.82	NA	25.4	30.32	"M"	0.814625206910484	328	313	7	1
"48"	1056	1.81	78	NA	22.86	39.68	"F"	0.429862770778481	331	490	9	1
"49"	1057	1.5	81.18	NA	20.32	43.55	"M"	0.697557166965186	328	313	7	3
"50"	1058	1.13	72.11	NA	12.7	44.84	"F"	0.433677341858121	328	493	10	2
"51"	1059	1.41	82.54	NA	27.94	38.39	"M"	0.717871764836025	328	313	7	3
"52"	1060	1.63	70.75	NA	15.24	39.03	"F"	0.535438070257965	328	493	10	2
"53"	1061	1.5	85.71	NA	25.4	42.26	"M"	0.725284189619733	328	313	7	3
"54"	1062	1.63	80.73	NA	24.13	40	"F"	0.53853164565999	328	493	10	1
"55"	1063	1.72	83.45	NA	17.78	45.16	"M"	NA	328	313	7	1
"56"	1064	1.59	83.45	NA	17.78	39.68	"F"	0.531036968630974	328	493	10	3
"57"	1066	1.59	82.09	NA	12.7	48.39	"F"	0.512465831135328	328	493	10	3
"58"	1067	1.41	89.8	NA	33.02	42.58	"M"	0.523552012760092	331	481	8	3
"59"	1068	1.45	91.61	NA	29.21	40.97	"F"	0.572360915562948	328	493	10	3
"60"	1069	1.86	76.64	NA	20.32	39.35	"M"	0.397751185306088	331	481	8	1
"61"	1071	1.72	78.91	NA	30.48	40.97	"M"	0.427583695522518	331	481	8	1
"62"	1072	1.36	85.26	NA	20.32	42.9	"F"	0.488159672071483	328	493	10	3
"63"	1073	1.41	88.89	NA	27.94	37.42	"M"	0.602825031578085	331	481	8	3
"64"	1074	1.5	83.45	NA	16.51	45.81	"F"	0.465781581335567	331	160	11	1
"65"	1075	1.81	95.69	NA	17.78	54.84	"M"	0.443011641096297	331	481	8	3
"66"	1076	1.45	83.9	NA	22.86	44.84	"F"	0.520743313529101	331	160	11	1
"67"	1077	1.81	79.37	NA	27.94	31.29	"M"	0.553435470200177	331	490	9	1
"68"	1078	1.63	75.74	NA	19.05	39.68	"F"	0.597450188613992	331	160	11	1
"69"	1079	1.32	77.55	NA	25.4	41.29	"M"	0.45785746061095	331	490	9	1
"70"	1080	1.68	80.95	NA	25.4	42.26	"F"	0.489760774643446	331	485	12	2
"71"	1082	1.81	74.15	NA	12.7	44.19	"F"	0.514435483536855	331	485	12	2
"72"	1083	1.72	91.16	NA	20.32	45.16	"M"	0.529214742876242	328	493	10	3
"73"	1084	1.59	90.7	NA	22.86	50.97	"F"	0.522385989023951	331	485	12	3
"74"	1085	1.36	83.67	NA	27.94	43.23	"M"	0.456292749277259	328	493	10	2
"75"	1086	1.18	82.99	NA	17.78	49.35	"F"	0.433080783190637	331	485	12	3
"76"	1087	1.81	83.9	NA	22.86	38.06	"M"	0.472341883776172	328	493	10	1
"77"	1088	1.5	89.34	NA	20.32	51.94	"F"	0.524899803696237	331	485	12	3
"78"	1089	1.63	94.33	NA	25.4	50.97	"M"	0.371291903152919	328	493	10	3
"79"	1090	1.18	91.16	NA	21.59	50.97	"F"	0.471951936998184	331	485	12	3
"80"	1091	1.5	78.46	NA	27.94	34.84	"M"	0.562534545820686	328	493	10	2
"81"	1092	1.27	79.37	NA	22.86	39.68	"F"	0.51067068785301	331	485	12	1
"82"	1093	1.54	86.62	NA	35.56	38.06	"M"	0.482245197204756	328	493	10	1
"83"	1094	0.86	68.48	NA	17.78	33.55	"F"	0.485489817444148	331	485	12	3
"84"	1095	0.68	79.82	NA	33.02	33.87	"M"	0.485813065293657	331	160	11	1
"85"	1096	1.09	69.39	NA	NA	47.42	"F"	0.53687655294017	326	316	13	2
"86"	1097	1.27	84.81	NA	27.94	43.23	"M"	0.397233410431488	331	160	11	1
"87"	1098	1.13	83.9	NA	24.13	41.94	"F"	0.517721753566559	326	316	13	3
"88"	1099	1.59	86.17	NA	25.4	41.94	"M"	0.491642595206188	331	160	11	1
"89"	1100	1.04	69.84	NA	15.24	41.94	"F"	0.541647810179427	326	316	13	2
"90"	1101	1.91	86.17	NA	30.48	44.84	"M"	0.504509443160646	331	160	11	1
"91"	1103	1.45	84.81	NA	33.02	40.65	"M"	0.489596481799512	331	160	11	1
"92"	1104	2	83.45	NA	15.24	47.1	"F"	0.459204770722313	326	476	14	1
"93"	1105	2	92.52	NA	40.64	40.65	"M"	0.514136274891508	331	160	11	1
"94"	1107	1.59	72.79	NA	12.7	40	"M"	0.459516507246641	331	485	12	2
"95"	1108	1.59	85.26	NA	20.32	45.81	"F"	0.497645408156303	311	458	15	4
"96"	1109	1.18	60.77	NA	7.62	37.42	"M"	0.467582606525031	331	485	12	3
"97"	1110	1.63	78	NA	11.43	45.48	"F"	0.529319528971951	328	324	16	5
"98"	1111	1.13	70.52	NA	13.97	39.03	"M"	0.523689291162735	331	485	12	2
"99"	1112	1.72	79.37	NA	16.51	37.42	"F"	0.560142781019176	328	324	16	4
"100"	1113	1.81	92.06	NA	27.94	45.16	"M"	0.630506235581189	326	316	13	2
"101"	1114	0.91	79.82	NA	15.24	45.48	"F"	0.494186841265182	328	324	16	6
"102"	1115	1.54	78.46	NA	25.4	36.77	"M"	0.491802244699803	326	316	13	1
"103"	1116	1.22	73.92	NA	15.24	43.23	"F"	0.385387976288116	328	324	16	5
"104"	1117	1.59	84.81	NA	30.48	40.32	"M"	0.480329856567501	326	316	13	3
"105"	1118	1.09	76.19	NA	22.86	39.35	"F"	0.491712021338717	328	324	16	4
"106"	1119	1.18	83.45	NA	27.94	40.65	"M"	0.448916680312909	326	316	13	3
"107"	1120	1.5	86.62	NA	20.32	50.65	"F"	0.528060481499548	335	463	17	6
"108"	1121	1.13	86.17	NA	30.48	43.87	"M"	0.521020244726716	326	316	13	3
"109"	1122	1.5	77.1	NA	15.24	40.65	"F"	0.492514956121251	335	461	18	4
"110"	1123	1.04	71.66	NA	34.29	32.26	"M"	0.48204524859993	326	316	13	2
"111"	1124	1.63	86.17	NA	22.86	36.13	"F"	0.503591503677959	335	461	18	6
"112"	1125	1.27	88.44	NA	30.48	45.48	"M"	0.485849038783729	326	316	13	3
"113"	1126	1.27	81.63	NA	20.32	48.06	"F"	0.458374188871216	335	461	18	4
"114"	1128	1.45	86.17	NA	15.24	44.52	"F"	0.466060098705207	335	461	18	6
"115"	1130	1.91	78.46	NA	16.51	41.29	"F"	0.509890091285706	335	461	18	4
"116"	1131	1.77	92.52	NA	30.48	35.48	"M"	0.523613311051087	326	476	14	1
"117"	1133	1.41	77.1	NA	27.94	37.1	"M"	0.491618901906206	326	476	14	1
"118"	1134	1.09	76.19	NA	19.05	47.1	"F"	0.488248120988978	311	473	19	5
"119"	1135	1.63	86.62	NA	26.67	37.74	"M"	0.516136369028359	311	458	15	4
"120"	1136	1.68	81.86	NA	20.32	42.26	"F"	0.404700141357859	311	473	19	5
"121"	1137	1.36	95.69	NA	17.78	45.48	"M"	0.564246683935848	311	458	15	6
"122"	1138	1.32	78.91	NA	12.7	44.84	"F"	0.506063250321319	311	473	19	4
"123"	1139	1.5	78	NA	30.48	30.32	"M"	0.515799097100445	311	458	15	4
"124"	1140	1.5	84.81	NA	17.78	44.19	"F"	0.445221770586891	335	472	20	4
"125"	1141	1.27	74.83	NA	15.24	40.65	"M"	0.531986880702872	311	458	15	4
"126"	1142	1.59	83.45	NA	13.97	41.61	"F"	0.549662786684473	335	472	20	4
"127"	1143	1.36	78.46	NA	25.4	35.16	"M"	0.537519883032743	311	458	15	6
"128"	1144	1.13	89.8	NA	25.4	46.77	"F"	0.447348234874261	335	472	20	6
"129"	1145	1.77	75.96	NA	27.94	39.35	"M"	0.542307258272154	328	324	16	5
"130"	1146	1.81	86.17	NA	15.24	46.13	"F"	0.511328718539463	326	456	21	6
"131"	1147	1.59	74.83	NA	20.32	37.1	"M"	0.510274636701379	328	324	16	5
"132"	1148	2	82.54	NA	25.4	45.16	"F"	0.46206442165208	326	456	21	4
"133"	1149	1.27	76.19	NA	16.51	43.23	"M"	0.418656126961624	328	324	16	6
"134"	1150	2	80.73	NA	13.97	49.03	"F"	0.515914113035657	326	456	21	4
"135"	1151	1.45	77.55	NA	17.78	44.19	"M"	0.464983501384916	335	463	17	4
"136"	1152	1.41	82.99	NA	25.4	39.03	"F"	0.429020317821705	311	480	22	5
"137"	1153	2.04	79.37	NA	21.59	37.74	"M"	0.517577811783916	335	463	17	4
"138"	1154	1.68	87.76	NA	15.24	40	"F"	0.474155092306205	311	480	22	5
"139"	1155	1.77	73.02	NA	17.78	37.74	"M"	0.597720615469344	335	463	17	6
"140"	1156	0.77	75.28	NA	30.48	43.23	"F"	0.480574301709877	311	480	22	6
"141"	1157	1.86	70.29	NA	20.32	36.45	"M"	0.497892367555631	335	463	17	6
"142"	1158	1.91	81.41	NA	24.13	36.77	"F"	0.463063191618483	335	479	23	5
"143"	1159	1.68	78.91	NA	17.78	40	"M"	0.505444586841458	335	463	17	4
"144"	1160	1.54	78.91	NA	17.78	41.94	"F"	0.474959453155999	335	479	23	6
"145"	1161	1.45	77.55	NA	12.7	40	"M"	0.455382776229345	335	463	17	4
"146"	1162	2.04	79.82	NA	12.7	44.52	"F"	0.440969609810954	335	479	23	4
"147"	1163	1.68	83.9	NA	17.78	43.87	"M"	0.472165227780363	335	463	17	4
"148"	1164	1.72	77.1	NA	15.24	43.23	"F"	0.478193582127361	335	479	23	4
"149"	1166	1.36	84.81	NA	11.43	47.1	"F"	0.523037795401622	335	479	23	6
"150"	1167	1.95	97.05	NA	22.86	48.06	"M"	0.501605395356629	335	461	18	4
"151"	1168	1.27	76.64	NA	22.86	32.9	"F"	0.551391138948993	335	479	23	6
"152"	1169	1.68	89.34	NA	20.32	45.48	"M"	0.469943435451405	335	461	18	4
"153"	1170	1.63	72.79	NA	29.21	34.52	"F"	0.448803032299124	335	479	23	5
"154"	1173	1.72	87.98	NA	40.64	39.03	"M"	0.491358369031292	311	473	19	4
"155"	1175	1.27	78	NA	30.48	38.39	"M"	0.501330903438265	311	473	19	6
"156"	1176	1.68	88.44	NA	22.86	45.48	"F"	0.480059557329501	335	477	24	6
"157"	1177	1.54	86.17	NA	15.24	38.71	"M"	0.432025608260849	311	473	19	5
"158"	1178	1.72	74.38	NA	12.7	39.99	"F"	0.727449335527901	335	474	25	NA
"159"	1179	1.72	94.56	NA	20.32	42.58	"M"	0.469490215089471	311	473	19	5
"160"	1181	1.54	81.18	NA	21.59	41.94	"M"	0.49833259327537	311	473	19	4
"161"	1182	1.45	87.98	NA	25.4	40.32	"F"	0.458890598742906	335	317	26	6
"162"	1184	1.91	77.1	NA	10.16	44.19	"F"	0.445871178246429	335	317	26	4
"163"	1185	1.45	92.97	NA	30.48	39.35	"M"	0.474790219802883	335	472	20	4
"164"	1186	1.91	78	NA	17.78	44.19	"F"	0.438968040080234	335	317	26	4
"165"	1188	1.68	73.92	NA	11.43	44.52	"F"	0.494028356899593	335	317	26	4
"166"	1189	1.72	92.06	NA	30.48	47.1	"M"	0.432290319482713	326	456	21	6
"167"	1190	1.72	77.55	NA	15.24	52.26	"F"	0.434698291996816	335	317	26	6
"168"	1191	2.13	77.1	NA	21.59	38.39	"M"	0.503011122521116	326	456	21	4
"169"	1192	1.45	68.71	NA	20.32	42.26	"F"	0.496555014051604	330	460	27	7
"170"	1193	1.36	84.81	NA	30.48	38.71	"M"	0.48748298190636	311	480	22	4
"171"	1194	1.63	73.92	NA	20.32	43.55	"F"	0.534763712431488	330	460	27	7
"172"	1195	0.82	81.18	NA	27.94	38.71	"M"	0.497576284546058	311	480	22	6
"173"	1196	1.5	82.09	NA	22.86	42.9	"F"	0.591901027932624	330	460	27	8
"174"	1197	0.95	76.64	NA	38.1	44.84	"M"	0.532922909782646	311	480	22	5
"175"	1199	1.77	81.86	NA	30.48	36.45	"M"	0.445053928641228	311	480	22	5
"176"	1201	1.54	76.19	NA	15.24	40.32	"M"	0.57610476375129	335	479	23	4
"177"	1202	1.45	78	NA	22.86	38.06	"F"	0.364080471726355	335	318	28	8
"178"	1203	1.41	78.46	NA	17.78	37.1	"M"	0.5274076817768	335	479	23	6
"179"	1205	1.81	82.99	NA	15.24	40.32	"M"	0.39846568022493	335	479	23	5
"180"	1206	2.04	80.27	NA	15.24	43.87	"F"	0.495938033182534	335	483	29	9
"181"	1207	1.45	76.42	NA	22.86	37.1	"M"	0.352646865027083	335	479	23	5
"182"	1208	1.95	89.8	NA	20.32	42.26	"F"	0.468349977867363	335	483	29	8
"183"	1209	1.36	62.59	NA	17.78	35.81	"M"	0.517982994301429	335	479	23	6
"184"	1210	1.81	78.91	NA	17.78	40.32	"F"	0.449812673719199	335	483	29	8
"185"	1211	1.27	80.27	NA	27.94	30.32	"M"	0.524526449160272	335	477	24	4
"186"	1212	1.77	80.73	NA	15.24	41.61	"F"	0.459204030215362	335	483	29	9
"187"	1213	1.45	85.27	NA	22.86	41.93	"M"	0.803215311880924	335	474	25	NA
"188"	1214	1.91	80.27	NA	15.24	43.87	"F"	0.48603595278949	335	483	29	9
"189"	1216	1.32	79.82	NA	25.4	37.74	"F"	0.524455157979798	331	471	30	8
"190"	1217	1.49	82.1	NA	25.4	37.09	"M"	0.827168170209694	335	474	25	NA
"191"	1218	2.09	78.91	NA	29.21	31.29	"F"	0.492956996114122	331	471	30	8
"192"	1220	1.45	73.92	NA	15.24	37.42	"F"	0.437775827952614	331	471	30	9
"193"	1221	1.59	84.81	NA	17.78	42.9	"M"	0.611003015681462	335	317	26	6
"194"	1222	1.36	77.55	NA	17.78	32.58	"F"	0.500043000567514	331	471	30	8
"195"	1223	1.54	82.54	NA	22.86	45.16	"M"	0.417831416791243	335	317	26	6
"196"	1224	1.13	76.64	NA	26.67	32.9	"F"	0.509889793563657	331	471	30	8
"197"	1225	1.68	85.71	NA	33.02	36.77	"M"	0.484835304712548	335	317	26	4
"198"	1226	1.77	82.99	NA	29.21	39.35	"F"	0.510026010724704	331	320	31	8
"199"	1227	1.45	75.28	NA	24.13	38.39	"M"	0.51309506433268	330	460	27	8
"200"	1228	1.36	85.26	NA	25.4	43.87	"F"	0.451558639653678	331	320	31	8
"201"	1229	1.54	86.17	NA	33.02	42.26	"M"	0.505614139520135	330	460	27	8
"202"	1232	1.36	79.82	NA	16.51	45.81	"F"	0.466457261188291	335	325	32	9
"203"	1233	1.22	82.99	NA	22.86	44.19	"M"	0.570302943192982	330	460	27	8
"204"	1234	1.36	73.47	NA	13.97	39.35	"F"	0.504658060314275	335	325	32	9
"205"	1235	1.18	82.09	NA	21.59	41.29	"M"	0.464447341490816	330	460	27	8
"206"	1236	1.59	83.9	NA	15.24	48.71	"F"	0.506516265854259	335	325	32	9
"207"	1237	1.59	74.83	NA	31.75	34.84	"M"	0.525189033094536	330	460	27	7
"208"	1239	1.95	84.58	NA	33.02	43.87	"M"	0.427005390104655	330	460	27	7
"209"	1240	1.27	70.52	NA	19.05	40	"F"	0.483528858815671	335	325	32	7
"210"	1241	2.13	87.07	NA	22.86	41.94	"M"	0.565246270615566	335	318	28	8
"211"	1242	1.04	62.59	NA	15.24	34.84	"F"	0.526409047965787	335	325	32	7
"212"	1244	1.72	71.66	NA	13.97	40	"F"	0.573724464943571	331	482	33	9
"213"	1245	1.45	83.45	NA	20.32	44.84	"M"	0.504140859597735	335	318	28	9
"214"	1246	1.18	78.46	NA	25.4	41.61	"F"	0.403121471573681	330	470	34	8
"215"	1247	1.63	97.96	NA	20.32	48.39	"M"	0.540173868313308	335	483	29	8
"216"	1248	1.54	79.37	NA	15.24	44.19	"F"	0.485654636050603	330	470	34	8
"217"	1252	1.5	81.63	NA	17.78	45.16	"F"	0.540355290779399	330	470	34	9
"218"	1253	1.54	79.82	NA	33.02	31.94	"M"	0.604847102205769	331	471	30	9
"219"	1254	1.95	85.27	NA	31.75	41.93	"F"	NA	326	464	35	NA
"220"	1255	1.36	80.73	NA	25.4	32.9	"M"	0.54551054435121	331	471	30	8
"221"	1256	1.85	74.84	NA	20.32	42.34	"F"	NA	326	464	35	NA
"222"	1257	1.59	83.9	NA	27.94	39.35	"M"	0.480183950714488	331	320	31	8
"223"	1258	1.72	84.35	NA	13.97	51.94	"F"	0.432314675280186	335	466	36	9
"224"	1259	1.59	82.99	NA	35.56	33.23	"M"	0.50048679302613	331	320	31	9
"225"	1260	1.59	83.9	NA	16.51	49.03	"F"	0.507197342520894	335	466	36	9
"226"	1261	1.45	78.46	NA	29.21	39.68	"M"	0.513845016063708	331	320	31	8
"227"	1262	1.59	78.91	NA	17.78	42.9	"F"	0.498855069741989	331	478	37	9
"228"	1264	1.59	78	NA	31.75	37.1	"M"	0.525888719491816	331	478	37	8
"229"	1265	1.68	75.74	NA	27.94	33.87	"M"	0.466735337950037	335	325	32	7
"230"	1266	1.59	77.55	NA	20.32	45.48	"F"	0.51903418469411	331	478	37	8
"231"	1267	1.22	62.81	NA	17.78	36.45	"M"	0.498658109934812	335	325	32	7
"233"	1270	1.27	85.71	NA	25.4	40.32	"F"	0.417040361653532	331	478	37	9
"234"	1271	1.18	84.35	NA	24.13	41.61	"M"	0.509272683081494	330	470	34	9
"235"	1272	1.41	80.73	NA	39.37	34.84	"F"	0.468502048262866	331	478	37	8
"237"	1274	1.41	86.17	NA	12.7	42.9	"F"	0.514591509647546	335	489	38	9
"238"	1275	1.91	82.09	NA	19.05	50.65	"M"	0.483085862867711	335	466	36	8
"239"	1276	1.68	79.82	NA	20.32	39.03	"F"	0.50513139142546	335	489	38	8
"240"	1277	1.5	78.91	NA	17.78	43.55	"M"	0.456801614133408	335	466	36	9
"241"	1278	1.54	72.79	NA	19.05	42.26	"F"	0.407153260098261	335	489	38	7
"242"	1279	1.77	83.45	NA	20.32	41.94	"M"	0.490692678110953	335	466	36	9
"243"	1280	1.59	81.18	NA	17.78	45.81	"F"	0.451050166087551	335	489	38	9
"244"	1281	1.27	74.38	NA	17.78	38.39	"M"	0.55122732418144	335	466	36	9
"245"	1282	1.54	65.76	NA	17.78	36.45	"F"	0.617434881647773	335	489	38	7
"246"	1283	1.68	77.55	NA	31.75	38.71	"M"	0.531172344603197	335	466	36	9
"247"	1284	1.22	69.39	NA	12.7	39.35	"F"	0.452874061544639	335	301	39	8
"248"	1285	1.63	75.74	NA	25.4	31.29	"M"	0.531350961863315	335	466	36	8
"249"	1286	1.13	76.19	NA	20.32	37.1	"F"	0.469922495509888	335	301	39	9
"250"	1287	1.18	80.27	NA	25.4	38.06	"M"	0.512364886533429	331	478	37	9
"251"	1288	1.86	78.91	NA	20.32	41.61	"F"	0.5266556299858	331	321	40	8
"252"	1290	1.18	80.73	NA	15.24	50.32	"F"	0.519095038314734	331	321	40	9
"253"	1291	1.86	72.56	NA	15.24	42.58	"M"	0.47781777956771	335	489	38	7
"254"	1292	1.86	73.02	NA	15.24	41.61	"F"	0.519332036862101	331	321	40	9
"255"	1293	1.54	65.31	NA	17.78	31.61	"M"	0.494822781876918	335	489	38	9
"256"	1294	1.63	87.53	NA	21.59	38.71	"F"	0.568576400501792	335	319	41	9
"257"	1295	1.59	68.71	NA	17.78	37.42	"M"	0.509560577561308	335	489	38	7
"258"	1296	1.36	69.84	NA	12.7	35.16	"F"	0.509791710769394	335	303	42	9
"259"	1297	1.27	84.81	NA	26.67	38.06	"M"	0.550307150940104	335	301	39	9
"260"	1299	1.32	81.63	NA	19.05	41.94	"M"	0.461751274130753	335	301	39	9
"261"	1300	1.91	67.12	NA	15.24	43.55	"F"	0.374008796090686	335	303	42	7
"262"	1301	1.09	78	NA	31.75	30.32	"M"	0.518249377615162	335	301	39	9
"263"	1302	1.59	81.63	NA	12.7	45.81	"F"	0.486896108064666	335	303	42	9
"264"	1303	1.13	85.26	NA	22.86	37.42	"M"	0.553295156222185	335	301	39	9
"265"	1304	1.41	64.85	NA	12.7	39.35	"F"	0.520520584845207	335	303	42	7
"266"	1306	1.36	74.38	NA	17.78	36.45	"F"	0.468515212748844	331	322	43	9
"267"	1307	1.5	81.18	NA	48.26	30	"M"	0.504368348885137	331	321	40	8
"268"	1308	0.95	63.04	NA	NA	NA	"F"	0.501361877956339	331	322	43	9
"269"	1309	2.09	87.07	NA	27.94	33.23	"M"	0.464214040162316	335	319	41	8
"270"	1310	1.63	74.38	NA	17.78	37.1	"F"	0.548047086238826	331	322	43	8
"271"	1311	2.09	81.18	NA	27.94	32.58	"M"	0.495997778766412	335	319	41	8
"272"	1312	0.82	63.04	NA	13.97	38.06	"F"	0.532959939736478	331	322	43	9
"273"	1313	1.72	90.7	NA	29.21	35.81	"M"	0.471557002470227	335	319	41	8
"274"	1314	0.86	68.48	NA	17.78	39.35	"F"	0.527831979695759	331	322	43	9
"275"	1315	1.95	87.53	NA	20.32	38.06	"M"	0.539095209718579	335	319	41	8
"276"	1316	1.68	79.82	14	15.24	42.26	"F"	0.510204373894592	335	312	44	12
"277"	1317	2.22	77.1	NA	15.24	37.42	"M"	0.440300136549835	335	319	41	8
"278"	1319	2	77.1	NA	30.48	32.58	"M"	0.558451974033601	335	303	42	8
"279"	1320	1.63	76.19	15	17.78	44.84	"F"	0.535005023575753	335	312	44	12
"280"	1321	1.72	77.55	NA	27.94	41.94	"M"	0.462293834086849	335	303	42	7
"281"	1322	1.91	75.74	13	19.05	41.94	"F"	0.513993980068405	335	312	44	10
"282"	1323	2.18	70.75	NA	22.86	33.87	"M"	0.488889614050247	335	303	42	7
"283"	1324	1.63	87.53	15	20.32	47.42	"F"	0.544302709907764	335	312	44	12
"284"	1325	1.04	78	NA	22.86	35.81	"M"	0.509650284494572	335	303	42	9
"285"	1326	1.63	84.35	15	17.78	49.68	"F"	0.519866904940668	311	467	45	12
"286"	1327	1.5	78.46	NA	25.4	35.81	"M"	0.500625244159212	331	322	43	8
"287"	1328	1.63	72.11	15	15.24	37.74	"F"	0.499533839861823	311	467	45	12
"288"	1329	1.81	82.09	NA	22.86	37.42	"M"	0.474455445609374	331	322	43	8
"289"	1331	1.36	65.76	NA	15.24	31.61	"M"	0.472107088917941	331	322	43	8
"290"	1333	1.04	80.73	NA	43.18	32.9	"M"	NA	331	322	43	8
"291"	1334	1.09	87.07	15	22.86	49.68	"F"	0.522742727364679	311	467	45	12
"292"	1335	1.22	80.73	NA	26.67	36.77	"M"	0.49906078936087	331	322	43	9
"293"	1337	1.04	76.64	NA	33.02	34.19	"M"	0.572803891108485	331	322	43	8
"294"	1338	1.27	83.9	15	20.32	46.45	"F"	0.511814014586937	311	467	45	12
"295"	1339	1.36	76.19	13	27.94	42.58	"M"	0.474254561977474	311	467	45	10
"296"	1342	0.82	74.83	15	20.32	41.61	"F"	0.455509797736223	311	467	45	12
"297"	1343	1.41	83.9	15	25.4	44.19	"M"	0.539633598985078	311	467	45	12
"298"	1344	1.81	79.37	15	19.05	45.16	"F"	0.46141458450905	335	312	44	12
"299"	1345	1.68	77.1	13	15.24	49.03	"M"	0.494852102132755	311	467	45	10
"300"	1346	1.95	87.98	15	27.94	44.19	"F"	0.45335023782386	335	494	46	12
"301"	1347	1.72	85.71	13	45.72	39.35	"M"	0.518966306417611	311	467	45	10
"302"	1350	1.59	76.19	12	20.32	42.9	"F"	0.542486980651401	335	494	46	10
"304"	1354	1.59	75.28	13	16.51	39.68	"F"	0.481893848158125	335	323	47	10
"305"	1356	1.45	73.02	15	15.24	40.32	"F"	0.442918523012794	335	323	47	12
"306"	1359	1.77	91.61	15	22.86	43.23	"M"	0.518053488862018	335	312	44	12
"307"	1360	1.41	87.98	15	27.94	36.45	"F"	0.468429479535264	335	323	47	12
"308"	1362	1.5	74.38	15	12.7	47.42	"F"	0.51478120282715	335	323	47	12
"309"	1363	1.91	76.64	14	17.78	38.39	"M"	0.522690101651992	335	494	46	10
"310"	1364	1.54	78.91	16	17.78	43.55	"F"	0.512904993627437	335	323	47	12
"311"	1365	1.72	81.63	13	27.94	29.03	"M"	0.518738159765683	335	494	46	10
"312"	1366	1.36	76.19	15	17.78	42.58	"F"	0.485867796564615	335	316	48	12
"313"	1367	1.59	80.73	13	27.94	38.71	"M"	0.491067744767563	335	323	47	10
"314"	1368	1.27	82.54	15	21.59	41.61	"F"	0.54111084702718	335	316	48	12
"315"	1369	1.45	73.92	12	21.59	33.23	"M"	0.550298897862152	335	323	47	10
"316"	1372	1.5	72.56	13	25.4	33.23	"F"	0.533370325500287	335	316	48	10
"317"	1373	1.09	74.83	13	20.32	37.1	"M"	0.460596032578522	335	316	48	10
"318"	1374	1.54	87.07	15	22.86	43.87	"F"	0.44092063479641	335	316	48	12
"319"	1377	1.13	76.19	15	20.32	40.65	"M"	0.418471010529777	335	316	48	12
"320"	1380	1.45	77.1	16	13.97	40.97	"F"	0.3882078864835	335	315	49	12
"321"	1381	1.59	76.64	12	24.13	34.52	"M"	0.567155198384604	335	315	49	10
"322"	1382	1.91	72.11	13	12.7	39.35	"F"	0.508228913752908	335	315	49	10
"323"	1383	1.27	88.44	15	24.13	45.81	"M"	0.454257410048891	335	315	49	12
"324"	1384	1.59	75.74	16	16.51	41.29	"F"	0.55811878180428	335	315	49	12
"325"	1385	1.63	76.64	15	24.13	32.58	"M"	0.491288215553477	335	315	49	12
"326"	1386	1.41	78.46	14	17.78	44.19	"F"	0.558718038494154	335	315	49	12
"328"	1388	1.86	76.64	12	19.05	39.68	"F"	0.479976601121199	311	495	50	10
"329"	1390	1.41	77.55	15	19.05	43.55	"F"	0.559584145260667	311	495	50	12
"330"	1391	1.68	92.06	13	30.48	47.1	"M"	0.522656547799836	311	495	50	10
"331"	1392	1.86	87.53	15	20.32	44.84	"F"	0.492125735821761	311	495	50	12
"333"	1400	2.04	84.35	12	27.94	42.58	"F"	0.50817250212381	328	465	51	10
"334"	1401	1.5	73.47	13	20.32	32.9	"M"	0.398498628736872	328	465	51	10
"335"	1402	1.27	89.8	16	27.94	42.58	"F"	0.503377069793613	328	465	51	12
"336"	1404	1	87.07	15	NA	NA	"F"	0.49197294903156	328	465	51	12
"337"	1405	1.95	90.7	15	27.94	42.58	"M"	0.504729691229475	311	490	52	12
"338"	1406	1.27	71.2	14	NA	NA	"F"	0.560892445662374	328	465	51	12
"339"	1407	1.45	88.44	15	21.59	44.52	"M"	0.505077863988224	311	490	52	12
"340"	1409	1.95	83.9	12	27.94	45.16	"M"	0.489030257904378	311	490	52	10
"341"	1411	2.27	76.64	12	25.4	40	"M"	0.501849642115694	311	490	52	10
"342"	1414	1.81	87.53	15	NA	NA	"F"	0.459326914642148	311	490	52	12
"343"	1417	1.18	82.99	13	26.67	38.39	"M"	0.500493766484459	311	476	53	10
"344"	1420	1.81	79.37	12	25.4	40.97	"F"	0.463143726442018	311	476	53	10
"345"	1422	2.13	78.46	13	19.05	41.29	"F"	0.524585098284091	311	476	53	10
"346"	1423	2.13	82.99	15	34.29	32.58	"M"	0.497246678433313	311	476	53	11
"347"	1424	2.18	84.58	15	34.29	40.97	"F"	0.502002953557188	311	476	53	11
"348"	1425	1.59	71.66	15	24.13	38.06	"M"	0.36592622011582	311	476	53	11
"349"	1426	2.13	89.34	16	22.86	44.84	"F"	0.49637465377558	311	476	53	11
"350"	1427	1.04	NA	NA	NA	NA	"M"	0.523875751513078	311	493	54	NA
"351"	1428	1.5	76.19	13	17.78	42.9	"F"	0.521385141714686	311	476	53	10
"352"	1429	1.59	88.89	14	25.4	45.81	"M"	0.481804120398005	311	493	54	10
"353"	1431	1.72	81.18	15	30.48	42.58	"M"	0.494277941009433	311	493	54	11
"354"	1434	1.81	81.63	15	22.86	45.81	"F"	0.488191289068146	311	493	54	11
"355"	1435	1.54	88.66	16	31.75	45.48	"M"	0.506163340807097	311	493	54	11
"356"	1436	1.22	80.27	15	15.24	47.42	"F"	0.487992127910536	311	493	54	12
"357"	1437	1.41	87.53	16	16.51	44.19	"M"	0.537146078384815	335	468	55	12
"358"	1438	1.36	80.27	15	12.7	42.26	"F"	0.520066660521697	311	493	54	12
"359"	1439	1.59	80.73	16	20.32	41.94	"M"	0.514294958221641	335	468	55	12
"360"	1441	1	87.53	15	22.86	41.29	"M"	0.538544495452823	335	468	55	12
"361"	1442	1.22	69.39	15	15.24	39.68	"F"	0.506356260088766	311	493	54	12
"362"	1443	1.22	73.47	12	20.32	40	"M"	0.458760075493288	335	468	55	10
"363"	1444	1.22	74.15	15	19.05	41.29	"F"	0.616817004229582	311	493	54	11
"364"	1445	1.77	82.54	16	22.86	49.68	"M"	0.381386898911013	335	485	56	11
"365"	1446	1.09	81.63	15	24.13	36.77	"F"	0.580491396663384	335	468	55	12
"366"	1448	1.41	81.18	15	15.24	45.16	"F"	0.511044747704807	335	468	55	12
"367"	1449	1.63	85.03	17	19.05	42.58	"M"	0.442723683185659	335	485	56	11
"368"	1450	1.18	80.27	16	19.05	40	"F"	0.544235593176644	335	468	55	12
"369"	1451	1.77	87.07	16	20.32	46.45	"M"	0.520606958747581	335	485	56	12
"370"	1452	1.18	79.82	16	15.24	45.81	"F"	0.45926592668143	335	468	55	12
"371"	1453	1	87.53	15	20.32	42.58	"M"	0.511675511762845	335	485	56	12
"372"	1454	1.32	81.18	15	19.05	38.06	"M"	0.516306177243788	335	468	55	12
"373"	1455	1.81	82.09	13	17.78	46.77	"M"	0.502718795362908	335	485	56	10
"374"	1456	1.45	67.57	15	17.78	37.74	"F"	0.438873174471801	335	485	56	11
"375"	1457	1.45	NA	NA	NA	NA	"M"	0.483989215040731	335	485	56	NA
"376"	1458	1.45	69.16	16	15.24	44.19	"F"	0.569332957402529	335	485	56	11
"377"	1459	1.45	78	13	24.13	38.39	"M"	0.526130810070728	335	485	56	10
"378"	1460	1.45	82.54	15	15.24	43.87	"F"	0.561755965582749	335	485	56	12
"379"	1462	1.81	85.71	12	25.4	39.35	"F"	0.817131775919826	328	313	57	10
"382"	1465	1.81	95.24	16	35.56	37.74	"M"	0.71742816466707	328	313	57	12
"383"	1466	1.91	86.17	15	22.86	38.71	"F"	0.763469904375421	328	313	57	12
"384"	1467	1.36	85.26	15	24.13	44.19	"M"	0.467576754305821	335	475	58	12
"385"	1468	1.04	79.37	16	22.86	36.77	"F"	0.686092521101171	328	313	57	12
"386"	1469	1.54	87.53	15	26.67	40.65	"M"	0.49101139831037	335	475	58	12
"387"	1471	1.5	75.74	13	22.86	33.87	"M"	0.465943682028866	335	475	58	10
"389"	1473	2	75.28	12	17.78	42.26	"M"	0.488745010393466	328	160	59	10
"390"	1474	1.32	85.26	16	20.32	37.74	"F"	0.479039983034776	328	160	59	12
"391"	1475	2.09	83.9	13	22.86	42.26	"M"	0.477425959357394	328	160	59	10
"392"	1476	1.54	72.56	13	17.78	36.13	"F"	0.450594664475281	328	160	59	10
"393"	1477	1.77	80.27	12	22.86	47.1	"M"	0.397865506518468	328	160	59	10
"394"	1478	2.04	90.7	16	20.32	52.9	"F"	0.487459852237187	311	497	60	12
"395"	1479	1.54	73.02	12	24.13	40.97	"M"	0.475260259965823	328	160	59	10
"396"	1480	1.59	73.47	13	15.24	44.84	"F"	0.499587331869031	311	497	60	10
"397"	1481	1.77	89.8	14	22.86	42.9	"M"	0.527090715110644	328	160	59	12
"398"	1482	1.72	78.91	15	22.86	43.23	"F"	0.516330358730201	311	497	60	11
"399"	1483	2	79.82	13	22.86	41.61	"M"	0.531860677120698	328	160	59	10
"400"	1484	1.72	75.96	15	30.48	40	"F"	0.527580664841757	311	497	60	11
"401"	1485	2.31	90.25	13	22.86	39.03	"M"	0.55711149411108	328	160	59	10
"402"	1486	1.09	73.47	15	21.59	43.23	"F"	0.502082976599546	311	497	60	12
"403"	1489	1.68	NA	NA	NA	NA	"M"	0.494041172456582	311	497	60	NA
"404"	1491	1.72	83.45	15	33.02	42.9	"M"	0.474401957972612	311	497	60	11
"405"	1493	1.4	97.06	15	34.29	39.99	"M"	0.487823483285791	311	497	60	11
"406"	1494	1.32	75.28	14	33.02	36.45	"F"	0.505147433820824	311	481	61	13
"407"	1495	0.91	92.52	15	35.56	44.84	"M"	0.49209327207233	311	497	60	12
"408"	1496	1.59	86.17	16	35.56	39.03	"F"	0.485598028044625	311	473	62	13
"409"	1497	1.63	93.88	16	38.1	39.35	"M"	0.538585555904929	311	481	61	13
"410"	1498	1.81	76.64	16	20.32	51.61	"F"	0.545885755474045	311	473	62	13
"411"	1499	1.86	87.07	15	29.21	42.58	"M"	0.528644087157136	311	481	61	13
"412"	1500	1.5	80.27	15	29.21	34.52	"F"	0.489227492593588	331	491	63	13
"413"	1501	1.91	84.35	16	40.64	32.26	"M"	0.476455891380943	311	481	61	13
"414"	1502	1.04	80.27	15	20.32	40.97	"F"	0.586045370339223	331	491	63	14
"415"	1503	1.72	88.89	15	33.02	37.42	"M"	0.513904397841361	311	473	62	15
"416"	1504	1.81	84.13	16	27.94	37.1	"F"	0.475000993932854	331	491	63	14
"417"	1505	1.81	82.99	15	27.94	39.35	"M"	0.510708420793302	311	473	62	13
"418"	1506	1.63	79.37	15	17.78	40.65	"F"	0.600550653337403	331	491	63	15
"419"	1507	1.45	76.64	15	22.86	35.81	"M"	0.476679953373515	311	473	62	13
"420"	1509	1.41	74.38	15	33.02	35.16	"M"	0.498669666187026	311	473	62	13
"421"	1510	1.68	92.06	17	NA	NA	"F"	0.451905163675302	331	459	64	14
"422"	1511	1.95	82.54	15	29.21	39.68	"M"	0.52179804111003	311	473	62	13
"423"	1512	1.77	88.89	16	22.86	48.39	"F"	0.429144336763966	331	459	64	14
"424"	1513	1.63	93.42	15	38.1	36.13	"M"	0.494578306230428	311	473	62	13
"425"	1517	1.63	95.01	17	34.29	39.68	"M"	0.466899497596251	331	491	63	14
"426"	1518	1.13	73.92	16	17.78	39.03	"F"	0.563383864997074	331	459	64	13
"427"	1519	0.86	81.63	14	46.99	28.71	"M"	0.527292903656131	331	491	63	15
"428"	1520	1.72	79.82	16	20.32	42.9	"F"	0.430254344571738	331	459	64	13
"429"	1521	1.22	83.45	16	25.4	39.68	"M"	0.463493761946018	331	491	63	15
"430"	1522	1.13	86.62	15	24.13	43.23	"F"	0.527331315932369	330	461	65	15
"431"	1523	1.77	93.2	17	33.02	41.94	"M"	0.506877226562525	331	491	63	14
"432"	1524	2.4	90.7	15	20.32	45.81	"F"	0.401707659295624	330	461	65	15
"433"	1525	1.41	82.54	17	30.48	34.84	"M"	0.485344074460319	331	491	63	13
"434"	1527	1.72	87.98	15	30.48	36.45	"M"	0.493678269977147	331	459	64	13
"435"	1528	2.36	95.24	15	31.75	40.97	"F"	0.480782295289755	330	461	65	15
"436"	1529	2	92.29	16	31.75	45.48	"M"	0.436632187197468	331	459	64	14
"437"	1531	2	75.74	16	16.51	41.94	"M"	0.421201998611419	331	459	64	13
"438"	1532	1.72	82.09	15	27.94	43.87	"F"	0.443030793187562	330	461	65	14
"439"	1533	2	96.37	15	30.48	50.65	"M"	0.558990033043076	331	459	64	14
"440"	1534	1.22	85.71	16	30.48	41.94	"F"	0.476966873988842	330	461	65	14
"441"	1536	1.63	83.45	15	22.86	44.84	"F"	0.474431453251746	330	480	66	15
"442"	1537	1.63	82.31	16	35.56	34.19	"M"	0.471266181493947	330	461	65	14
"443"	1538	1.95	85.26	17	27.94	45.81	"F"	0.517983840467105	330	480	66	15
"444"	1540	1.22	80.73	15	22.86	39.35	"F"	NA	330	480	66	15
"445"	1541	1.36	88.44	15	25.4	38.39	"M"	NA	330	461	65	15
"446"	1542	1	77.55	14	27.94	35.81	"F"	0.501923042058687	311	477	67	15
"447"	1543	1.86	75.96	15	24.13	38.39	"M"	0.480797928144148	330	461	65	14
"448"	1544	1.5	86.62	16	29.21	42.26	"F"	0.502634487867819	311	477	67	13
"449"	1546	1.5	83.45	16	24.13	44.52	"F"	0.525062794496226	311	477	67	13
"450"	1547	2.09	80.73	15	26.67	40	"M"	0.513403421832862	330	480	66	15
"451"	1549	1.41	85.26	15	24.13	48.71	"M"	0.473457407992006	330	480	66	15
"452"	1552	0.86	91.16	14	33.02	44.19	"F"	0.506344630887978	311	477	67	15
"453"	1553	1.63	83.9	15	30.48	37.42	"M"	NA	311	477	67	13
"454"	1554	2.04	85.26	14	24.13	36.45	"F"	0.505109028835307	331	324	68	13
"455"	1558	1.09	82.54	15	20.32	35.48	"F"	0.418263519094319	331	324	68	15
"456"	1560	1.18	81.18	15	20.32	50.65	"F"	NA	330	456	69	15
"457"	1561	1.18	68.48	15	25.4	31.94	"M"	0.488257730153139	331	324	68	13
"458"	1563	1.95	91.61	15	20.32	49.03	"M"	0.488955929314772	331	324	68	15
"459"	1564	1.81	73.02	16	21.59	41.29	"F"	0.50460173641035	330	456	69	13
"460"	1565	1.27	74.83	15	25.4	34.19	"M"	0.562967073922788	331	324	68	13
"461"	1566	1.72	86.17	15	20.32	47.74	"F"	0.49349038873957	330	456	69	15
"462"	1567	1.41	78.46	15	33.02	34.52	"M"	0.519937208771024	331	324	68	13
"463"	1568	1.45	76.19	15	17.78	42.58	"F"	0.541249471125781	330	456	69	15
"464"	1570	1.22	85.71	16	27.94	43.23	"F"	0.411601877086863	331	484	70	15
"465"	1574	1.72	102.04	15	45.72	48.06	"F"	0.517714164544495	311	314	71	15
"466"	1577	1.59	92.97	15	38.1	40.97	"M"	0.553685649676166	330	456	69	15
"467"	1578	1.54	95.24	16	39.37	47.42	"F"	0.450008546925613	311	314	71	14
"468"	1579	1.86	77.55	15	39.37	30.97	"M"	0.506004245467731	330	456	69	13
"469"	1580	0.95	82.77	15	29.21	38.39	"F"	0.476405960499138	311	314	71	14
"470"	1581	1.54	85.71	16	34.29	39.03	"M"	0.554720035148436	330	456	69	15
"471"	1582	1.5	80.73	15	17.78	43.87	"F"	0.467075617843556	326	460	72	16
"472"	1584	1.63	83.9	16	20.32	42.58	"F"	NA	326	460	72	18
"473"	1585	1.32	88.44	15	43.18	34.52	"M"	NA	331	484	70	15
"474"	1588	1.32	88.44	15	20.32	53.55	"F"	0.44542895565518	326	460	72	16
"475"	1589	1.95	90.7	15	27.94	47.42	"M"	0.476209644192579	311	314	71	14
"476"	1590	1.13	68.48	15	11.43	42.26	"F"	0.512711662362795	326	320	73	18
"477"	1591	1.95	101.13	15	33.02	48.39	"M"	0.517070594857138	311	314	71	15
"478"	1592	1.13	80.5	15	20.32	39.03	"F"	0.56810613536438	326	320	73	17
"479"	1593	1.77	91.16	15	34.29	43.87	"M"	0.50508076095802	311	314	71	14
"480"	1594	1.04	74.38	15	15.24	45.16	"F"	0.472948863714304	326	320	73	17
"481"	1596	1.32	82.09	14	20.32	40.32	"F"	0.510284380322034	326	320	73	16
"482"	1597	1.09	89.34	14	43.18	40	"M"	0.48742218338899	311	314	71	15
"483"	1599	1.68	86.62	14	30.48	40	"M"	0.463044150796002	326	460	72	16
"484"	1601	1.95	86.17	14	20.32	46.77	"M"	NA	326	460	72	16
"485"	1602	1.54	74.83	15	12.7	43.55	"F"	NA	326	318	74	18
"486"	1604	1.36	88.89	16	25.4	38.39	"F"	0.531774210558988	326	318	74	16
"487"	1606	1.41	75.74	14	17.78	42.58	"F"	0.499931157948069	326	318	74	16
"488"	1607	1.41	89.8	14	20.32	46.77	"M"	0.493288176833475	326	460	72	16
"489"	1608	1.45	79.37	14	15.24	50.97	"F"	0.567811364074703	326	318	74	18
"490"	1610	1.09	77.1	15	11.43	44.84	"F"	0.479096342287691	326	318	74	18
"491"	1613	1.27	88.89	15	41.91	37.1	"M"	0.515523736244044	326	460	72	16
"492"	1614	1.41	82.99	14	17.78	41.29	"F"	0.472859116969427	328	472	75	16
"493"	1615	1.77	85.71	15	25.4	42.58	"M"	0.547925345501892	326	320	73	18
"494"	1616	0.91	80.27	14	17.78	43.87	"F"	NA	328	472	75	18
"495"	1617	1.59	76.19	16	17.78	42.26	"M"	NA	326	320	73	16
"496"	1618	0.91	80.73	15	20.32	38.71	"F"	0.516671744459413	328	472	75	16
"497"	1619	1.13	84.81	14	24.13	43.87	"M"	0.53674873836498	326	320	73	18
"498"	1620	0.64	79.37	14	22.86	43.87	"F"	0.50639972432987	328	472	75	18
"499"	1623	1.41	81.63	15	24.13	39.35	"M"	0.502014137915556	326	320	73	18
"500"	1625	1.27	73.24	15	22.86	38.39	"M"	0.483074097595655	326	320	73	17
"501"	1626	1.59	86.17	15	22.86	43.87	"F"	0.500405245504488	328	478	76	16
"502"	1627	1	77.55	16	21.59	37.1	"M"	0.492218483987583	326	320	73	17
"503"	1628	1.86	82.09	14	22.86	42.58	"F"	0.452211576958764	328	478	76	18
"504"	1630	1.68	77.55	15	22.86	38.71	"F"	0.492512666160258	328	478	76	16
"505"	1631	0.95	71.2	14	17.78	40.65	"M"	NA	326	320	73	18
"506"	1632	1.72	78	14	17.78	42.58	"F"	NA	328	478	76	18
"507"	1633	1.63	82.99	15	22.86	39.35	"M"	0.475695371059178	326	318	74	16
"508"	1634	1.5	79.37	15	20.32	37.74	"F"	0.494746739394803	328	482	77	16
"509"	1635	1.72	81.18	14	25.4	42.58	"M"	0.579389001392149	326	318	74	16
"510"	1636	1.45	75.28	15	20.32	38.71	"F"	0.487396207506029	328	482	77	18
"511"	1638	1.09	69.16	16	15.24	35.48	"F"	0.562880154223366	328	482	77	17
"512"	1639	1.13	79.82	14	17.78	37.42	"M"	0.455479742408509	326	318	74	16
"513"	1640	1.5	82.77	15	17.78	46.45	"F"	0.519678429859274	328	482	77	17
"514"	1641	1.13	79.82	14	22.86	34.52	"M"	0.423986905932326	328	472	75	16
"515"	1642	1.63	79.37	15	15.24	41.61	"F"	0.475808647046258	328	470	78	16
"516"	1643	1.63	97.05	16	24.13	41.94	"M"	0.487580421257824	328	472	75	16
"517"	1644	1.41	91.84	16	25.4	43.23	"F"	0.492520427782508	328	470	78	17
"518"	1645	0.86	63.49	15	17.78	32.9	"M"	0.426274695500325	328	472	75	18
"519"	1646	1.54	77.1	16	25.4	37.1	"F"	0.527043617783814	328	470	78	17
"520"	1647	1.32	82.09	14	17.78	41.94	"M"	0.514517719693553	328	472	75	16
"521"	1649	1.13	80.27	15	24.13	36.45	"M"	0.523041815415439	328	472	75	16
"522"	1650	1.32	82.54	14	17.78	46.13	"F"	0.484174216034546	328	466	79	18
"523"	1651	1	77.55	15	22.86	36.77	"M"	0.48657124214606	328	472	75	16
"524"	1652	1.54	73.92	15	16.51	36.77	"F"	0.616350408450523	328	466	79	17
"525"	1654	1.68	78.46	14	15.24	42.9	"F"	0.510842683140752	328	466	79	16
"526"	1655	2.22	83.45	15	25.4	41.94	"M"	0.480275100894962	328	478	76	18
"527"	1656	1.41	88.44	14	17.78	48.71	"F"	0.501250893474553	328	466	79	18
"528"	1657	1.59	75.74	14	27.94	34.52	"M"	0.522016811171509	328	478	76	16
"529"	1658	1.27	78.91	14	NA	NA	"F"	0.493555185881327	328	466	79	18
"530"	1659	1.81	78.91	14	22.86	41.29	"M"	0.456322624572008	328	478	76	16
"531"	1660	1.36	68.48	15	11.43	36.45	"F"	0.524900339058081	328	466	79	18
"532"	1661	1.68	87.53	14	30.48	36.77	"M"	0.508997351684304	328	478	76	18
"533"	1662	1.04	72.11	15	26.67	41.61	"F"	0.495395826302485	328	466	79	17
"534"	1663	1.59	78	15	25.4	41.29	"M"	0.505722368561887	328	478	76	16
"535"	1664	1.04	78	15	20.32	43.87	"F"	0.500558653871584	328	466	79	18
"536"	1665	1.27	80.73	14	20.32	38.39	"M"	0.508282471088472	328	478	76	16
"537"	1669	1.68	78.91	16	30.48	40.97	"M"	0.443527501370555	328	482	77	17
"538"	1670	1.54	75.28	15	19.05	38.39	"F"	0.343810913820723	328	325	80	16
"539"	1671	1.36	75.28	14	17.78	41.94	"M"	0.512022949654544	328	482	77	16
"540"	1673	1.72	79.37	14	25.4	39.35	"M"	0.551659783600043	328	482	77	16
"541"	1674	1.18	63.49	14	13.97	34.52	"F"	0.529964227671206	328	325	80	18
"542"	1675	1.5	85.26	14	17.78	44.84	"M"	0.511925828677308	328	482	77	18
"543"	1676	1.45	79.82	14	17.78	44.84	"F"	0.51769333531585	328	325	80	18
"544"	1677	1.13	73.92	15	17.78	40	"M"	0.479696979803264	328	482	77	17
"545"	1680	1.13	84.81	14	26.67	36.13	"F"	0.473112201369449	328	325	80	16
"546"	1681	1.36	71.66	14	17.78	40	"M"	0.51057424043281	328	470	78	18
"547"	1682	0.91	83.45	14	20.32	45.16	"F"	0.417319098818324	326	464	81	18
"548"	1683	1.22	82.54	15	33.02	33.55	"M"	NA	328	470	78	16
"549"	1684	1.27	81.18	15	19.05	43.87	"F"	0.550650634059188	326	464	81	18
"550"	1685	1.13	69.16	15	20.32	34.84	"M"	0.443655126228583	328	470	78	17
"551"	1686	1.04	75.28	15	17.78	41.61	"F"	0.389117568174992	326	464	81	18
"552"	1687	0.91	77.78	16	22.86	40.65	"M"	0.424580168357943	328	470	78	17
"553"	1690	1.59	78.91	15	21.59	45.48	"F"	0.558387252739474	326	301	82	16
"554"	1692	1.32	82.99	15	17.78	42.9	"F"	0.503595088396641	326	301	82	18
"555"	1693	1.59	82.99	14	22.86	45.81	"M"	0.547622887437825	328	466	79	18
"556"	1694	1.22	84.35	16	20.32	43.23	"F"	0.498702319602152	326	301	82	18
"557"	1695	1.45	86.62	16	31.75	35.16	"M"	0.455071475995136	328	466	79	17
"559"	1697	1.22	81.41	15	25.4	43.23	"M"	0.486163538561065	328	466	79	17
"560"	1698	1.91	76.19	15	17.78	42.58	"F"	0.502967309979553	326	489	83	16
"561"	1701	1.13	83.45	14	20.32	42.26	"M"	0.489015567463795	328	466	79	16
"562"	1702	1.45	81.63	15	20.32	40.32	"F"	0.52262261440989	326	322	84	16
"563"	1703	1.22	84.35	14	22.86	41.61	"M"	0.516894150626215	328	466	79	18
"564"	1704	1.18	82.09	15	27.94	45.16	"F"	0.440786519446998	326	322	84	16
"565"	1705	1.04	76.19	14	20.32	40.65	"M"	0.480203957329591	328	466	79	18
"566"	1707	1.63	78.91	15	27.94	36.45	"M"	0.456385538122469	328	325	80	16
"567"	1708	1.86	82.99	14	16.51	49.35	"F"	0.487869605742737	326	322	84	18
"568"	1709	1.86	76.64	15	30.48	34.52	"M"	0.587181367632681	328	325	80	16
"569"	1710	1.27	77.1	15	16.51	41.94	"F"	0.519328861595772	326	322	84	18
"570"	1711	0.91	77.1	14	31.75	33.23	"M"	0.549580612994988	328	325	80	18
"571"	1712	1.09	69.39	15	13.97	45.48	"F"	0.48245551043993	326	322	84	18
"572"	1713	1.63	75.74	14	22.86	41.29	"M"	0.505530656763965	326	464	81	16
"573"	1715	1.77	81.18	15	25.4	36.77	"M"	0.420960428843686	326	464	81	16
"575"	1717	1.5	77.1	15	30.48	36.13	"M"	0.520802161853799	326	464	81	16
"576"	1718	1.81	78	15	17.78	42.58	"F"	0.527400617221073	326	303	85	16
"577"	1719	1.36	87.98	15	20.32	47.42	"M"	0.502179440072021	326	464	81	18
"578"	1720	1.63	84.35	14	24.13	37.74	"F"	0.488550585821754	326	303	85	16
"579"	1721	1.54	78.91	14	20.32	36.45	"M"	0.494429608406156	326	464	81	16
"580"	1722	1.5	83.9	14	19.05	43.87	"F"	0.496320048430159	326	303	85	18
"581"	1724	1.54	91.16	14	19.05	46.13	"F"	0.473018735495996	326	303	85	18
"582"	1725	1.5	77.55	16	25.4	31.29	"M"	0.572206317558832	326	301	82	16
"583"	1726	1.27	84.35	14	20.32	44.52	"F"	0.505593386459137	326	303	85	18
"584"	1727	1.59	81.63	15	43.18	32.9	"M"	0.41127598602424	326	301	82	16
"585"	1728	1.22	78.46	16	20.32	41.29	"F"	0.46371415282193	326	303	85	18
"586"	1729	1.95	85.26	14	29.21	35.48	"M"	0.51678138832317	326	301	82	16
"587"	1730	1.04	80.73	15	19.05	42.26	"F"	0.364242502020543	326	303	85	18
"588"	1731	1.32	87.98	14	29.21	40.32	"M"	0.525665115606735	326	301	82	18
"589"	1733	1.36	80.27	15	30.48	35.16	"M"	0.457627722457679	326	301	82	16
"590"	1734	1.59	92.06	15	33.02	45.81	"F"	0.47093195223826	326	471	86	21
"591"	1735	1.22	82.54	14	25.4	42.26	"M"	0.428826306392105	326	301	82	18
"592"	1736	1.13	76.19	15	20.32	34.84	"F"	0.536806046248883	326	471	86	19
"593"	1737	1.81	80.27	16	22.86	42.9	"M"	0.557837822739681	326	489	83	16
"594"	1739	2.09	78	15	17.78	38.06	"F"	0.549109272125667	326	489	83	16
"595"	1740	1.95	87.98	16	20.32	48.39	"F"	0.422759180412681	328	315	87	19
"597"	1742	1.77	97.96	15	30.48	41.94	"F"	0.564895521851756	328	315	87	21
"598"	1743	1.41	83.45	14	33.02	32.26	"M"	NA	326	322	84	18
"599"	1745	1.36	78.91	15	27.94	34.19	"M"	0.480686466111459	326	322	84	16
"600"	1746	1.54	84.35	14	21.59	44.52	"F"	0.490550301496412	328	468	88	20
"601"	1748	1.59	91.16	14	20.32	50.65	"F"	0.471950682830764	328	468	88	21
"602"	1750	0.64	78	15	21.59	38.39	"F"	0.463449824102057	328	468	88	21
"603"	1751	1.95	78.91	15	22.86	36.45	"M"	0.50612791829225	326	303	85	16
"604"	1752	1.72	95.24	14	19.05	58.71	"F"	0.456395633029838	326	494	89	21
"605"	1753	1.27	78	15	22.86	34.52	"M"	0.544414241653691	326	303	85	16
"606"	1754	1.5	87.53	15	22.86	43.87	"F"	0.482272107898082	326	494	89	19
"607"	1755	1.41	96.15	15	43.18	37.42	"M"	0.588587711715744	326	471	86	19
"608"	1758	1.63	79.37	14	24.13	44.52	"F"	0.594448120520363	328	493	90	20
"609"	1759	1.95	89.34	15	45.72	35.48	"M"	0.47865981896292	326	471	86	19
"610"	1760	1.81	69.39	16	11.43	41.94	"F"	0.575505971075365	328	493	90	20
"611"	1761	1.63	82.09	14	46.99	33.55	"M"	0.529989013937335	326	471	86	19
"612"	1762	1.68	82.54	16	20.32	39.35	"F"	0.514863905570031	328	493	90	19
"613"	1763	1.27	80.73	15	31.75	34.52	"M"	0.519815358810117	326	471	86	19
"614"	1764	1.54	88.44	14	21.59	49.03	"F"	0.478956532838488	328	316	91	21
"615"	1765	1.86	92.52	15	41.91	33.87	"M"	0.468810137390854	326	471	86	19
"616"	1766	1.81	90.25	14	36.83	33.55	"F"	0.525156668124061	328	316	91	21
"617"	1767	1.32	86.62	15	34.29	33.23	"M"	0.499095830494616	328	315	87	19
"619"	1769	1.59	83.45	15	30.48	34.19	"M"	0.450736837017513	328	315	87	19
"620"	1771	1.95	90.25	16	25.4	44.84	"M"	0.397935076790749	328	315	87	19
"621"	1773	1.68	84.35	15	38.1	37.1	"M"	0.427461926161046	328	315	87	19
"622"	1774	1.41	90.7	14	30.48	40.32	"F"	0.532916971937171	328	316	91	21
"623"	1775	1.95	79.37	16	22.86	36.13	"M"	0.519201408260085	328	315	87	19
"624"	1776	2	84.13	15	25.4	51.94	"F"	0.513590205200966	326	476	92	20
"625"	1777	1.5	85.71	15	34.29	36.45	"M"	0.43851473336862	328	315	87	19
"626"	1778	1.59	88.44	15	26.67	45.81	"F"	0.502606240617551	326	476	92	20
"627"	1779	2.27	93.42	15	35.56	34.84	"M"	0.461328989834242	328	315	87	19
"628"	1782	1.5	69.16	16	21.59	34.19	"F"	0.511660593674756	331	465	93	20
"629"	1783	1.59	87.98	15	30.48	38.06	"M"	0.435836186602289	328	468	88	21
"630"	1784	1	68.25	16	22.86	35.81	"F"	0.474068139511334	331	465	93	20
"631"	1785	1.45	81.41	16	21.59	39.03	"M"	0.475380045287556	328	468	88	20
"632"	1786	1.68	74.83	14	10.16	44.84	"F"	0.718941155364332	330	313	94	21
"633"	1787	1.54	97.05	15	25.4	39.68	"M"	0.476223898642615	328	468	88	21
"634"	1788	2	82.09	15	33.02	39.35	"F"	0.730038513275592	330	313	94	19
"635"	1789	1.81	79.82	15	17.78	36.13	"M"	0.471865524589523	328	468	88	20
"636"	1790	1.54	92.52	15	17.78	50	"F"	0.532178570174435	328	495	95	21
"637"	1791	1.59	79.82	14	22.86	35.16	"M"	0.508209111242529	328	468	88	19
"638"	1793	1.36	69.16	15	15.24	36.77	"F"	0.474430293660717	328	468	88	20
"639"	1795	1.63	78	15	22.86	42.26	"M"	0.471408416492895	326	494	89	19
"640"	1797	1.81	96.15	15	33.02	43.87	"M"	0.479928601593543	326	494	89	19
"641"	1798	1.36	78	15	16.51	46.13	"F"	0.398243085963974	335	324	96	23
"642"	1799	1.32	79.82	14	27.94	45.16	"M"	0.487398271909521	326	494	89	21
"643"	1800	1.54	78.46	14	22.86	34.84	"F"	0.531301062249738	335	324	96	23
"644"	1801	1.45	82.09	14	34.29	43.55	"M"	0.462762668550789	326	494	89	19
"645"	1802	1	72.56	14	12.7	40	"F"	0.49346285042873	328	459	97	24
"646"	1803	1.04	85.71	15	35.56	39.68	"M"	0.47416349892773	326	494	89	19
"647"	1804	1.18	90.7	15	17.78	47.42	"F"	0.406646568691265	328	459	97	24
"648"	1805	1.77	93.42	14	25.4	50	"M"	0.509473453061768	328	493	90	21
"649"	1806	1.13	81.63	14	25.4	45.81	"F"	0.510023786140583	328	459	97	22
"650"	1807	1.86	82.54	16	22.86	49.35	"M"	0.529618577395953	328	493	90	19
"651"	1808	1.68	77.55	15	17.78	41.61	"F"	0.483851734419032	328	459	97	22
"652"	1810	1.59	91.16	14	20.32	46.45	"F"	0.482385925846471	328	459	97	24
"653"	1811	1.41	74.83	16	19.05	34.19	"M"	0.512805739911861	328	493	90	20
"654"	1814	1.18	82.54	15	17.78	43.23	"F"	0.512785521424764	328	459	97	24
"655"	1815	1	82.54	15	27.94	40	"M"	0.558396985785284	328	493	90	21
"656"	1818	1.22	86.62	15	29.21	38.71	"F"	0.638375762283732	328	459	97	23
"657"	1819	1.91	77.32	16	29.21	37.1	"M"	0.432678854820041	328	493	90	20
"658"	1820	1.59	79.37	15	17.78	40	"F"	0.601288953063292	328	459	97	23
"659"	1821	1.59	80.27	15	33.02	34.52	"M"	0.552263171084744	328	316	91	19
"660"	1823	1	101.13	14	55.88	32.26	"M"	0.523242688296927	328	316	91	21
"661"	1824	1.63	92.52	14	19.05	47.1	"F"	0.494593212623453	328	491	98	24
"662"	1825	1.59	92.52	15	35.56	36.45	"M"	0.446304621772943	328	316	91	21
"663"	1826	1.81	85.26	14	19.05	41.61	"F"	0.553484312437177	328	463	99	22
"664"	1827	1.68	79.82	14	35.56	33.87	"M"	0.516257787955928	328	316	91	19
"665"	1828	1.63	90.7	14	22.86	45.81	"F"	0.552913721670099	328	463	99	24
"666"	1829	1.72	94.78	14	45.72	34.52	"M"	0.540743292088711	328	316	91	21
"667"	1831	2.27	90.02	15	38.1	38.06	"M"	0.441953517570274	326	476	92	20
"668"	1832	1.41	87.98	14	22.86	40.65	"F"	0.462187861365402	328	463	99	24
"669"	1833	1.54	80.5	16	17.78	39.68	"M"	0.557161726125513	326	476	92	20
"670"	1836	1.68	64.4	16	12.7	35.81	"F"	0.55228062349646	335	473	100	23
"671"	1837	1.36	82.99	15	38.1	37.74	"M"	0.521434618224588	331	465	93	19
"672"	1838	1.41	73.02	15	15.24	39.03	"F"	0.454805027308798	335	473	100	22
"673"	1839	2.09	93.65	15	40.64	38.39	"M"	0.467727959860109	331	465	93	20
"674"	1843	1.77	82.77	16	25.4	41.61	"M"	0.37754692045557	331	465	93	20
"675"	1844	1	68.25	16	12.7	40.65	"F"	0.466074441283194	335	473	100	23
"676"	1845	1.59	85.26	15	34.29	36.13	"M"	0.497365524185155	331	465	93	21
"677"	1847	1.59	88.44	16	43.18	28.06	"M"	0.562971571923658	331	465	93	19
"678"	1848	1.18	78	14	16.51	46.13	"F"	0.495495001901185	335	321	101	24
"679"	1849	1.32	89.8	15	30.48	39.68	"M"	0.487194324825379	331	465	93	21
"680"	1850	1.5	NA	NA	NA	NA	"F"	0.509350691852382	335	321	101	NA
"681"	1851	1.72	86.62	16	29.21	42.58	"M"	0.446358251261814	331	465	93	19
"682"	1853	1.81	74.38	15	19.05	39.03	"M"	0.835901201913571	330	313	94	21
"683"	1854	1.63	86.17	15	12.7	53.55	"F"	0.509228384543444	335	321	101	24
"684"	1855	1.77	86.17	16	27.94	36.45	"M"	0.725864780821767	330	313	94	19
"685"	1856	1.59	70.29	14	11.43	40.97	"F"	0.447932268852774	335	321	101	24
"686"	1857	1.72	77.55	15	25.4	31.61	"M"	0.491765462098077	328	495	95	21
"687"	1858	1.27	79.37	15	17.78	43.23	"F"	0.529410064215317	335	479	102	24
"688"	1861	1.54	96.15	15	40.64	30.32	"M"	0.498880703570695	328	495	95	21
"689"	1862	1.32	89.34	15	26.67	40.32	"F"	0.516458844000486	335	456	103	24
"690"	1863	1.63	77.1	15	25.4	35.16	"M"	0.499618313620197	328	495	95	19
"691"	1864	1.86	78	14	16.51	40.65	"F"	0.503418373376012	328	490	104	22
"692"	1865	1.72	91.61	15	33.02	38.39	"M"	0.492593256721076	328	495	95	21
"693"	1866	1.72	80.27	15	17.78	43.23	"F"	0.406550262082798	328	490	104	24
"694"	1868	1.63	78	14	10.16	47.74	"F"	0.398135639877289	328	160	105	22
"695"	1870	1.45	70.29	15	17.78	35.16	"F"	0.53191125278335	328	490	104	24
"696"	1871	1.04	81.18	14	27.94	40	"M"	0.472416001969409	328	495	95	21
"697"	1872	1.77	87.07	16	13.97	36.13	"F"	0.585612854968417	328	490	104	24
"698"	1874	1.41	89.8	15	20.32	46.45	"F"	0.491933164197766	328	490	104	24
"699"	1875	1.04	81.18	14	29.21	34.19	"M"	0.430979193972907	328	495	95	21
"700"	1876	1.81	81.63	14	19.05	43.87	"F"	0.468656032841734	328	160	105	22
"701"	1878	1.5	82.09	15	15.24	42.26	"F"	0.458776926078303	328	160	105	24
"702"	1879	1.72	74.38	15	17.78	37.74	"M"	0.465649840995522	335	324	96	23
"703"	1880	1.77	84.35	15	22.86	44.52	"F"	0.532233151210473	328	160	105	24
"704"	1881	1.86	76.87	15	20.32	38.06	"M"	0.512897775841284	335	324	96	23
"705"	1883	1.5	89.8	14	24.13	40.32	"M"	0.466910054192616	335	324	96	22
"706"	1884	1.81	77.78	15	16.51	40.65	"F"	0.398160933308204	335	314	106	23
"707"	1886	1.18	70.07	15	16.51	40.32	"F"	0.391104907527174	335	314	106	23
"708"	1888	2.31	84.81	14	20.32	46.77	"F"	0.425418867909098	335	319	107	22
"709"	1889	1.22	86.17	15	30.48	37.42	"M"	0.429829619165254	328	459	97	23
"710"	1890	1.63	75.28	15	15.24	43.55	"F"	0.529477537396612	328	497	108	22
"711"	1891	1.36	82.09	15	29.21	34.84	"M"	0.67503409315913	328	459	97	23
"712"	1893	0.91	75.28	14	33.02	29.68	"M"	0.509116109302501	328	459	97	22
"713"	1897	2.13	84.35	15	25.4	37.74	"M"	0.5910963030449	328	491	98	22
"714"	1898	1.5	85.71	16	19.05	42.9	"F"	0.577220367041307	328	497	108	24
"715"	1899	1.63	90.25	15	19.05	45.48	"F"	0.470979518895693	328	463	99	24
"716"	1902	1.72	84.81	15	25.4	44.52	"F"	0.526667158699436	335	460	109	25
"717"	1903	2	68.48	16	25.4	34.84	"M"	0.447889451519256	335	473	100	23
"718"	1904	1.32	80.05	16	31.75	43.55	"F"	0.495414220457942	335	460	109	26
"719"	1907	1.36	82.54	16	22.86	38.71	"M"	0.551171935367885	335	473	100	23
"720"	1908	1.22	87.07	15	22.86	43.87	"F"	0.439188461987373	335	460	109	27
"721"	1910	1.54	78	16	22.86	38.39	"F"	0.563077632337954	335	460	109	26
"722"	1912	1.22	89.34	15	31.75	42.58	"F"	0.539877430612538	335	460	109	27
"723"	1914	0.95	77.78	14	25.4	42.58	"F"	0.547365298674824	311	472	110	26
"724"	1915	1.77	78.91	14	15.24	40.32	"M"	0.521888600310523	335	321	101	22
"725"	1916	1.41	78.46	16	25.4	49.03	"F"	0.509327374092057	311	472	110	26
"726"	1917	1.54	81.63	15	20.32	41.61	"M"	0.42181136560104	335	321	101	24
"727"	1918	1.09	82.09	14	22.86	42.9	"F"	0.480001065998663	311	472	110	25
"728"	1919	1.27	82.09	14	19.05	49.03	"M"	0.460050709460889	335	321	101	22
"729"	1920	1.09	83.9	15	25.4	38.06	"F"	0.525933254631012	335	318	111	27
"730"	1923	1.5	78	15	34.29	33.87	"M"	0.552692703924317	335	321	101	22
"731"	1927	1.81	77.55	15	27.94	30	"M"	0.533543539682716	335	479	102	22
"732"	1928	1.41	76.64	15	17.78	46.77	"F"	0.492749179599387	330	320	112	26
"733"	1929	1.63	86.62	15	22.86	38.71	"M"	0.482456586212982	335	479	102	24
"734"	1930	1.18	74.83	15	22.86	39.68	"F"	0.469992233012392	330	320	112	26
"735"	1931	1.45	75.74	15	17.78	37.1	"M"	0.46843431903216	335	479	102	22
"736"	1933	1.54	89.8	15	22.86	38.39	"M"	0.533389378585334	335	479	102	24
"737"	1934	0.95	92.52	15	25.4	43.87	"F"	0.475685632817508	330	320	112	27
"738"	1935	1.72	78	14	25.4	33.55	"M"	0.543188393880533	335	479	102	22
"739"	1936	1.18	80.27	15	20.32	44.52	"F"	0.505359841370674	330	320	112	27
"740"	1937	1.36	83.45	15	24.13	33.23	"M"	0.445793246979839	335	479	102	24
"741"	1941	1.81	82.54	15	21.59	43.55	"M"	0.404100448911351	335	456	103	22
"742"	1942	1.27	75.28	15	22.86	41.29	"F"	0.520553461853823	330	320	112	27
"743"	1945	1.5	69.84	15	12.7	38.39	"F"	0.484464817770304	335	456	103	24
"744"	1946	0.86	85.71	15	30.48	33.55	"F"	0.504401970993931	311	464	113	27
"745"	1949	1.27	75.28	15	22.86	36.45	"M"	0.444559339518979	335	456	103	22
"746"	1952	1	72.11	16	20.32	36.13	"F"	0.554532602813461	330	470	114	27
"747"	1953	1.5	92.06	15	38.1	41.61	"M"	0.456756256005731	335	456	103	24
"749"	1957	1.36	77.55	15	26.67	36.13	"M"	0.611662637790741	328	490	104	24
"750"	1958	1.81	80.73	15	12.7	48.71	"F"	0.507899477198232	311	482	115	25
"751"	1959	1.27	77.1	15	20.32	32.58	"M"	0.616000999997943	328	490	104	22
"752"	1960	1.91	84.81	15	20.32	43.55	"F"	0.469374310576953	311	482	115	25
"753"	1961	1.27	80.27	14	25.4	36.77	"M"	0.451665543993266	328	160	105	22
"754"	1963	1.59	90.25	15	25.4	43.23	"M"	0.505233942776488	335	314	106	22
"755"	1964	1.18	90.7	15	35.56	40.65	"F"	0.438914156262029	311	482	115	27
"756"	1965	1.22	75.96	15	20.32	36.45	"M"	0.433508250063356	335	314	106	23
"757"	1968	1.68	88.89	15	17.78	47.74	"F"	0.504524739639835	311	482	115	27
"758"	1971	1.13	80.05	15	36.83	34.84	"M"	0.460192051583452	335	314	106	23
"759"	1972	1.54	85.71	15	22.86	43.23	"F"	0.495993014832878	311	482	115	27
"760"	1973	2.31	87.07	15	34.29	30.97	"M"	0.535651369514025	335	319	107	22
"761"	1974	1.72	86.62	15	26.67	42.58	"F"	0.525520346632597	311	489	116	27
"762"	1976	1.95	75.28	15	21.59	42.9	"F"	0.536426577935798	311	489	116	26
"763"	1977	1.72	82.99	15	30.48	37.42	"M"	0.536623426213659	328	497	108	22
"764"	1978	1.72	82.09	15	20.32	45.16	"F"	0.457897321767739	311	489	116	25
"765"	1979	2.13	88.44	15	27.94	37.74	"M"	0.433550491762427	328	497	108	22
"766"	1980	1.54	80.05	16	38.1	44.19	"F"	0.488972386930044	311	489	116	26
"767"	1981	1.86	72.11	15	27.94	32.9	"M"	0.474749788642902	328	497	108	24
"768"	1982	1.18	89.8	15	35.56	38.06	"F"	0.514640590305985	311	489	116	27
"769"	1984	2.13	83.45	15	27.94	41.29	"F"	0.464997802025889	331	478	117	27
"770"	1988	1.54	73.92	15	19.05	36.77	"F"	0.477819698776597	331	325	118	27
"771"	1989	1.36	78.91	15	29.21	44.19	"M"	0.54096347049291	335	460	109	26
"772"	1990	1.45	79.37	16	20.32	37.42	"F"	0.472796418772729	331	325	118	27
"773"	1991	1.36	82.77	15	35.56	40	"M"	0.413559599537922	335	460	109	26
"774"	1992	1.09	82.99	15	31.75	32.9	"F"	0.530518543531069	331	325	118	27
"775"	1993	1.18	83.45	15	34.29	43.87	"M"	0.510769515929262	335	460	109	25
"776"	1995	1.95	86.17	15	25.4	41.61	"M"	0.492336498074585	335	460	109	25
"777"	1996	1.36	83.9	15	34.29	34.84	"F"	0.530916110589261	331	325	118	27
"778"	1999	1.09	80.5	14	27.94	43.23	"M"	0.411945524034819	311	472	110	26
"779"	2000	1.18	78	15	21.59	40.65	"F"	0.558320664452958	330	301	119	27
"780"	2001	1.22	84.35	15	31.75	33.55	"M"	0.542273480806877	311	472	110	25
"781"	2003	1.32	92.06	15	20.32	37.42	"M"	0.54897929627519	311	472	110	26
"782"	2004	1.32	88.44	14	27.94	40.65	"F"	0.511858420519379	330	301	119	27
"783"	2005	1.36	86.62	15	33.02	33.55	"M"	0.483255640766059	311	472	110	25
"784"	2007	1.45	84.35	15	30.48	37.1	"M"	0.477591430553666	311	472	110	25
"785"	2009	1.5	94.78	15	33.02	42.26	"M"	0.431587003075839	311	472	110	25
"786"	2010	1.72	83.9	14	22.86	49.68	"F"	0.458333775700898	330	301	119	27
"787"	2011	1.22	85.71	15	33.02	32.9	"M"	0.530085632315417	311	472	110	25
"788"	2013	1.59	83.9	15	31.75	40.32	"M"	0.354578706092484	335	318	111	25
"789"	2014	1.63	81.18	16	30.48	36.45	"F"	0.479207068118859	331	484	120	25
"790"	2015	1.5	84.81	15	30.48	36.13	"M"	0.501988765111143	335	318	111	25
"791"	2016	2.13	75.28	14	17.78	43.23	"F"	0.486486827676999	330	471	121	28
"792"	2017	1.36	87.98	15	30.48	38.06	"M"	0.440209579418079	335	318	111	27
"793"	2018	1.59	84.13	15	30.48	43.23	"F"	0.408113052001244	330	471	121	29
"794"	2019	1.27	80.73	15	33.02	34.19	"M"	0.43732925873169	335	318	111	27
"795"	2020	1.86	82.99	15	17.78	47.1	"F"	0.475469842417204	330	471	121	29
"796"	2022	1.63	71.43	15	12.7	45.81	"F"	0.514807528573989	328	312	122	29
"797"	2023	1.41	85.26	13	27.94	42.58	"M"	0.519667075697729	330	320	112	25
"798"	2024	1.36	73.47	15	20.32	36.13	"F"	0.521306891404857	328	312	122	29
"799"	2025	0.95	87.98	15	33.02	38.06	"M"	0.500261235398304	330	320	112	27
"800"	2026	1.36	82.54	14	22.86	47.1	"F"	0.589264099499158	330	315	123	29
"801"	2027	1.63	79.14	14	27.94	43.55	"M"	0.537081825454673	330	320	112	26
"802"	2029	1.27	81.18	14	33.02	41.61	"M"	0.499480461083664	330	320	112	26
"803"	2030	1.72	75.51	15	15.24	42.58	"F"	0.432436792697414	330	315	123	29
"804"	2031	1.41	92.06	15	29.21	40	"M"	0.517637437445075	330	320	112	27
"805"	2032	1.41	84.35	15	25.4	40.65	"F"	0.489857598142151	330	316	124	30
"806"	2033	1.04	74.83	16	24.13	39.35	"M"	0.51357196748059	330	320	112	27
"808"	2036	2.22	79.37	15	17.78	44.52	"F"	0.469596455963201	330	494	125	28
"809"	2037	2.09	86.17	15	25.4	38.71	"M"	0.493653216746705	311	464	113	25
"810"	2038	2.04	74.83	14	17.78	46.45	"F"	0.532511471095153	330	494	125	28
"811"	2039	2.09	85.26	15	43.18	29.03	"M"	0.464432843314348	311	464	113	27
"812"	2040	1.91	77.1	15	17.78	45.81	"F"	0.497411092209033	330	494	125	28
"813"	2041	1.59	87.53	15	26.67	45.16	"M"	0.46415717957049	311	464	113	27
"814"	2044	1	86.17	14	22.86	47.74	"F"	0.500450452399274	330	494	125	30
"815"	2046	1.63	83.45	14	20.32	39.35	"F"	0.482609853808581	328	468	126	30
"816"	2048	1.68	81.18	16	20.32	43.23	"F"	0.481446871136368	328	468	126	30
"817"	2050	1.04	72.11	15	20.32	32.26	"F"	0.465147844975416	328	468	126	30
"818"	2053	1.63	88.89	15	44.45	35.48	"M"	0.523719980538185	330	470	114	25
"819"	2055	1.45	82.54	14	33.02	42.9	"M"	0.633276557789256	330	470	114	25
"820"	2056	0.95	79.82	15	22.86	39.35	"F"	0.545951752311951	330	476	127	30
"821"	2057	1.41	86.62	15	33.02	38.06	"M"	0.486005675920679	330	470	114	25
"822"	2058	1.59	74.83	15	17.78	41.29	"F"	0.56321422923936	330	476	127	28
"823"	2060	1.95	86.17	15	24.13	42.58	"F"	0.532993168221483	330	476	127	28
"824"	2061	1.13	78	15	26.67	37.42	"M"	0.476640955270138	330	470	114	27
"825"	2064	1.77	79.59	14	13.97	43.87	"F"	0.449953112451549	328	493	128	29
"826"	2065	1.72	88.44	15	34.29	41.29	"M"	0.48987718199454	311	482	115	25
"827"	2066	1.41	85.26	16	17.78	41.29	"F"	0.534728490733944	328	493	128	30
"828"	2067	1.41	97.51	15	38.1	46.13	"M"	0.527933261680116	311	482	115	25
"829"	2069	1.09	86.62	15	27.94	39.35	"M"	0.480331890716382	311	482	115	27
"830"	2071	1.77	93.2	14	35.56	40.32	"M"	0.474477148910152	311	489	116	26
"831"	2072	1.36	80.27	15	13.97	41.29	"F"	0.492178162288416	328	493	128	30
"832"	2073	1.72	93.42	15	33.02	46.13	"M"	0.517397859864307	311	489	116	26
"833"	2074	1.27	76.64	14	12.7	41.29	"F"	0.492563182717809	328	493	128	30
"834"	2076	1.54	77.1	14	16.51	44.52	"F"	0.534999288044802	328	493	128	29
"835"	2077	2.13	76.19	15	21.59	40.65	"M"	0.498179329093297	331	478	117	25
"836"	2078	1.59	77.55	15	12.7	41.94	"F"	0.834632711182467	330	313	129	30
"837"	2079	2.13	81.63	15	33.02	35.81	"M"	0.522135471846989	331	478	117	25
"838"	2080	1.45	76.19	15	12.7	48.39	"F"	0.764049174025211	330	313	129	30
"839"	2081	1.77	77.55	15	35.56	32.9	"M"	0.483397099478657	331	478	117	25
"840"	2083	1.63	74.38	15	27.94	35.48	"M"	0.501984533056358	331	478	117	27
"841"	2085	1.54	84.35	15	27.94	40	"M"	0.524256756428327	331	478	117	25
"842"	2086	1.54	67.12	14	15.24	36.13	"F"	0.557754247643001	330	485	130	30
"843"	2087	1.72	80.73	15	27.94	33.87	"M"	0.520121617199059	331	478	117	25
"844"	2088	1.72	82.54	16	16.51	48.39	"F"	0.553656139248759	330	485	130	30
"845"	2090	1.63	83.45	14	19.05	44.52	"F"	0.485991450531579	326	470	131	33
"846"	2091	1.5	94.33	15	45.72	35.81	"M"	0.462250999285368	331	478	117	25
"847"	2092	1.36	89.8	15	22.86	45.81	"F"	0.498150839004636	326	470	131	31
"848"	2094	1.13	80.27	15	25.4	41.29	"F"	0.51124745323329	326	470	131	32
"849"	2095	1.32	77.55	15	26.67	38.39	"M"	0.50783316449263	331	325	118	25
"850"	2099	1.18	86.62	15	27.94	40	"M"	0.487910183628463	330	301	119	27
"851"	2100	1.72	71.88	16	17.78	41.94	"F"	0.475804581583513	326	470	131	32
"852"	2101	1.45	81.18	15	38.1	34.19	"M"	0.532577311800486	330	301	119	25
"853"	2102	1.54	83.9	14	20.32	40.65	"F"	0.54402184218307	328	318	132	31
"854"	2103	1.59	NA	NA	NA	NA	"M"	0.539818142462622	330	301	119	NA
"855"	2104	1.63	91.16	14	15.24	47.1	"F"	0.505780874276395	328	318	132	33
"856"	2105	1.18	89.34	15	35.56	40.65	"M"	0.439301244782926	330	301	119	27
"857"	2106	1.86	75.28	16	20.32	40	"F"	0.578074784417373	328	318	132	31
"858"	2107	1.63	74.38	15	27.94	31.29	"M"	0.563449537865344	330	301	119	25
"859"	2108	0.95	70.75	16	13.97	43.23	"F"	0.521902562939462	326	489	133	33
"860"	2109	1.32	84.35	14	25.4	39.35	"M"	0.551228484907477	330	301	119	27
"861"	2110	1.27	85.26	16	21.59	49.68	"F"	0.516883487368981	326	489	133	31
"862"	2112	1.68	90.7	16	17.78	49.03	"F"	0.524342744033518	326	489	133	33
"863"	2113	1.72	89.34	15	26.67	40.65	"M"	0.412874533903381	331	484	120	27
"864"	2114	2.31	96.6	14	25.4	47.1	"F"	0.52617592679404	328	460	134	31
"865"	2115	1	82.09	16	35.56	42.58	"M"	0.448491543030891	331	484	120	27
"866"	2116	1.77	82.54	15	20.32	44.52	"F"	0.499913157030747	328	460	134	31
"867"	2117	1.77	85.26	15	24.13	42.26	"M"	0.416176436491042	331	484	120	25
"868"	2118	1.54	87.07	15	40.64	37.42	"F"	0.498086651143398	328	460	134	32
"869"	2119	1.36	78	15	16.51	41.94	"M"	0.481582315427539	330	471	121	29
"870"	2120	1.27	85.71	15	20.32	40.65	"F"	0.54236320596919	328	460	134	32
"871"	2121	2.36	75.28	15	22.86	36.13	"M"	0.534784226872581	330	471	121	28
"872"	2122	1	91.61	14	27.94	39.35	"F"	0.491874769479052	328	460	134	33
"873"	2123	1.72	83.67	15	27.94	41.94	"M"	0.461917897417736	330	471	121	29
"874"	2124	1.81	87.53	16	27.94	44.52	"F"	0.492733678810845	328	472	135	33
"875"	2125	1.41	80.73	15	27.94	38.71	"M"	0.536659196761943	330	471	121	30
"876"	2126	1.32	63.95	16	8.89	34.84	"F"	0.467930263941237	328	312	122	30
"877"	2127	1.77	87.98	15	29.21	36.13	"M"	0.485605253799964	330	471	121	30
"878"	2128	1.22	87.53	14	25.4	43.87	"F"	0.464938251515311	328	472	135	33
"879"	2130	1	70.75	15	17.78	45.81	"F"	0.44500636652871	328	472	135	33
"880"	2131	1.41	82.99	15	27.94	42.58	"M"	0.48441754478245	328	312	122	29
"881"	2132	1.63	100.68	15	33.02	44.52	"F"	0.482257203190014	328	472	135	31
"882"	2133	1.13	79.82	15	38.1	29.03	"M"	0.490980623005255	328	312	122	30
"883"	2135	2	77.1	14	19.05	40	"M"	0.522635197024542	328	312	122	29
"884"	2136	1.36	80.73	15	17.78	42.58	"F"	0.376584786283651	328	491	136	33
"885"	2137	1.77	93.88	14	27.94	38.06	"M"	0.450217632041668	328	312	122	30
"886"	2139	1.63	77.55	14	27.94	37.42	"M"	0.525265531440591	328	312	122	28
"887"	2140	1.95	88.44	15	31.75	34.84	"F"	0.487080854172576	328	319	137	31
"888"	2141	2.13	79.82	15	15.24	42.58	"M"	0.540984628091473	330	315	123	29
"889"	2142	1.77	80.73	14	16.51	41.29	"F"	0.474348506383751	328	319	137	33
"890"	2143	1.91	90.48	16	35.56	38.71	"M"	0.506840729498704	330	315	123	29
"892"	2145	1.81	86.62	15	22.86	43.23	"M"	0.522909646248173	330	315	123	28
"893"	2147	1.72	85.71	15	24.13	41.94	"M"	0.566263426350632	330	315	123	28
"894"	2148	1.36	80.73	14	20.32	43.23	"F"	0.473949920132571	326	303	138	33
"895"	2149	1.5	86.62	15	25.4	39.35	"M"	0.532212774347724	330	315	123	28
"896"	2150	1.5	75.74	14	15.24	45.16	"F"	0.491705916240416	326	303	138	33
"897"	2151	1.41	80.27	14	30.48	36.77	"M"	0.505634582027322	330	315	123	28
"898"	2152	2.27	85.49	16	20.32	45.16	"F"	0.509654891576526	328	478	139	32
"899"	2153	1.81	76.64	15	20.32	48.39	"M"	0.477707386361508	330	315	123	28
"900"	2154	1.95	90.02	15	33.02	43.87	"F"	0.460773739863364	328	478	139	32
"901"	2155	1.09	73.02	15	30.48	36.13	"M"	0.488324664300329	330	316	124	28
"902"	2156	2.4	80.73	15	25.4	44.52	"M"	0.51358940794327	328	478	139	31
"903"	2157	1.63	82.09	14	26.67	32.26	"M"	0.478404868541961	330	316	124	30
"904"	2159	1.41	86.17	14	25.4	37.42	"M"	0.514958084453364	330	316	124	30
"905"	2160	1.22	NA	NA	NA	NA	"F"	0.493327853805497	326	325	140	NA
"906"	2161	1.63	68.93	15	17.78	39.35	"M"	0.53395826276934	330	316	124	30
"907"	2162	1.68	96.15	16	33.02	41.29	"F"	NA	326	325	140	31
"908"	2163	1.91	77.1	14	25.4	31.61	"M"	0.535344555831486	330	316	124	28
"909"	2164	1	73.7	15	20.32	40	"F"	0.562947033419949	326	325	140	32
"910"	2165	1.27	77.1	14	25.4	38.71	"M"	0.539569247209603	330	316	124	28
"911"	2166	1.45	78.46	15	15.24	42.58	"F"	0.462055995590799	326	325	140	33
"912"	2167	0.95	81.18	15	25.4	36.13	"M"	0.477207163812284	330	316	124	30
"913"	2168	1.32	75.06	14	16.51	41.29	"F"	0.482529496084091	326	325	140	32
"914"	2171	2.36	90.7	15	24.13	43.87	"M"	0.505005519440744	330	494	125	28
"915"	2172	1.63	81.63	16	16.51	38.71	"F"	0.465054103376414	326	456	141	33
"916"	2179	1.63	81.18	15	27.94	31.61	"M"	0.471857599131998	328	468	126	28
"917"	2181	1.72	76.19	15	22.86	34.84	"M"	0.508618428497232	328	468	126	28
"918"	2182	1.32	88.89	14	22.86	48.39	"F"	0.492293602766322	326	456	141	33
"919"	2183	1.45	78.46	15	22.86	34.84	"M"	0.487855775720018	328	468	126	28
"920"	2184	1.41	85.26	15	22.86	46.45	"F"	0.482611220710577	326	456	141	33
"921"	2185	2	85.71	15	27.94	43.87	"M"	0.516926400570318	330	476	127	28
"922"	2186	1.95	93.42	15	22.86	43.87	"F"	0.559088203566198	311	160	142	31
"923"	2187	1.77	77.55	16	21.59	36.77	"M"	0.516554636531459	330	476	127	28
"924"	2191	1.5	81.18	15	22.86	38.71	"M"	0.552031746507663	328	493	128	28
"925"	2192	1.54	89.34	14	33.02	43.23	"F"	0.500106781704945	311	160	142	31
"926"	2193	1.13	86.62	15	22.86	38.71	"M"	0.604761233563775	328	493	128	30
"927"	2194	1.68	85.71	14	17.78	57.42	"F"	0.47912245205377	311	160	142	31
"928"	2195	1.41	88.89	15	36.83	38.06	"M"	0.424961221459702	328	493	128	29
"929"	2197	1.27	79.37	14	17.78	40.65	"M"	0.617933065352365	328	493	128	29
"930"	2199	1.13	85.26	15	22.86	43.23	"M"	0.782063368497691	330	313	129	30
"931"	2201	1.41	81.63	15	25.4	40	"M"	0.710348849189021	330	313	129	28
"932"	2203	2.13	80.27	16	24.13	39.35	"M"	0.749491398290632	330	313	129	28
"934"	2207	2.22	83.9	15	35.56	36.77	"M"	0.722612921025741	330	313	129	28
"935"	2209	1.36	70.75	14	15.24	38.06	"M"	0.47330758692723	330	485	130	30
"936"	2211	1.81	75.74	14	22.86	45.16	"M"	0.468521402207836	330	485	130	28
"937"	2213	1.54	85.26	15	29.21	42.58	"M"	0.445038463292104	330	485	130	28
"939"	2217	1.45	86.62	16	33.02	32.9	"M"	0.492937447364314	330	485	130	30
"940"	2219	1.32	82.99	16	22.86	38.06	"M"	0.505511870160868	330	485	130	30
"941"	2221	1.13	76.19	16	17.78	38.71	"M"	0.453490303007755	326	470	131	33
"942"	2223	2	78.91	16	17.78	43.23	"M"	0.49106288925903	326	470	131	31
"943"	2225	1.5	89.34	15	40.64	34.19	"M"	0.489292661420993	326	470	131	31
"944"	2227	1.5	83.9	15	33.02	36.13	"M"	0.53137566036722	326	470	131	31
"945"	2229	1.45	75.74	15	35.56	34.84	"M"	0.449306034454665	326	470	131	32
"946"	2231	1.09	82.77	15	40.64	34.19	"M"	0.481316903707341	326	470	131	32
"947"	2239	1.45	92.97	14	48.26	34.84	"M"	0.398138527844053	328	318	132	33
"948"	2241	1.36	86.17	16	25.4	38.71	"M"	0.457297908538144	328	318	132	33
"949"	2243	1.41	89.34	16	33.02	40	"M"	0.541251533408676	326	489	133	31
"950"	2245	1.68	97.05	16	45.72	40	"M"	0.49525116770616	326	489	133	31
"951"	2247	1.09	82.54	16	20.32	39.35	"M"	0.462026595900054	326	489	133	33
"952"	2249	1.81	99.77	15	27.94	45.81	"M"	0.45063902446006	328	460	134	31
"953"	2253	1.59	85.71	14	27.94	41.94	"M"	0.581770449708723	328	460	134	33
"954"	2255	2.04	93.88	14	27.94	38.71	"M"	0.521167713200319	328	460	134	33
"955"	2259	1.72	90.25	14	38.1	39.35	"M"	0.523910573621888	328	460	134	31
"956"	2261	1.22	69.84	15	24.13	37.42	"M"	0.497446511148377	328	460	134	32
"957"	2263	1.63	79.59	14	30.48	36.77	"M"	0.311570901141988	328	460	134	32
"958"	2269	1.68	90.7	16	53.34	30.32	"M"	0.438502558789525	328	472	135	31
"959"	2273	1.22	81.18	15	30.48	41.29	"M"	0.405455007856115	328	472	135	31
"960"	2277	1.5	88.89	15	30.48	38.71	"M"	0.545058579747736	328	491	136	31
"961"	2279	2.13	86.62	16	25.4	32.9	"M"	0.505081626887829	328	491	136	31
"962"	2281	2.31	88.89	15	22.86	41.29	"M"	0.501714689810032	328	491	136	31
"963"	2285	2.27	81.63	15	22.86	34.19	"M"	0.525452080335038	328	319	137	31
"964"	2287	2.04	82.09	15	22.86	40.65	"M"	0.582491983099438	326	303	138	31
"965"	2289	1.54	83.9	15	30.48	36.77	"M"	0.494304265159524	326	303	138	33
"966"	2297	2.13	90.02	14	40.64	33.55	"M"	0.556919287960698	328	478	139	32
"967"	2301	1.36	77.1	15	25.4	36.13	"M"	0.462752101871437	328	478	139	33
"968"	2303	2.45	96.6	14	30.48	43.23	"M"	0.487995540751965	328	478	139	32
"969"	2305	2.4	83.9	15	33.02	38.71	"M"	0.480527807290326	328	478	139	31
"971"	2311	0.77	84.13	15	50.8	32.26	"M"	0.513635720156725	326	325	140	32
"972"	2315	1.45	87.98	16	27.94	40.65	"M"	0.477058384441427	326	325	140	31
"973"	2317	1.95	78.68	16	25.4	36.77	"M"	0.522985890372406	326	325	140	32
"974"	2323	1.18	89.34	14	27.94	34.84	"M"	0.499525230773535	326	456	141	33
"975"	2325	1.18	86.62	15	35.56	36.13	"M"	0.535700111925413	326	456	141	33
"976"	2327	1.72	85.26	15	25.4	43.87	"M"	0.393660887577432	311	160	142	31
"977"	2329	2.09	88.89	14	24.13	45.81	"M"	0.537578544966779	311	160	142	31
"978"	2333	1.45	89.34	15	40.64	36.13	"M"	0.499404319362196	311	160	142	31
